"PopMale"
11036.316
11384.034
11807.368
12288.826
12798.508
13313.023
13831.743
14358.847
14880.862
15381.789
15850.766
16280.537
16674.607
17046.548
17416.523
17799.357
18198.966
18611.38
19034.05
19461.85
19890.885
20321.032
20753.624
21187.682
21622.094
22055.817
22488.182
22918.459
23345.468
23767.912
24184.722
24595.241
24999.098
25395.907
25785.413
26167.429
26541.671
26908.015
27266.675
27618.034
27962.415
28300.007
28630.889
28955.096
29272.692
29583.832
29888.786
30187.957
30481.874
30771.206
395573.436
404254.552
412882.602
421462.424
430005.83
438522.397
447010.808
455468.931
463905.347
472331.241
480755.385
489177.962
497598.652
506024.324
514462.97
522918.331
531391.398
539874.648
548351.857
556801.226
565204.663
573552.868
581841.645
590063.635
598212.507
606281.549
614262.998
622148.411
629929.53
637597.988
645145.918
652566.603
659853.657
666999.891
673998.182
680842.148
687526.015
694045.253
700396.227
706576.112
712582.023
718410.631
724058.354
729521.536
734796.835
739881.392
744772.875
749469.718
753970.806
758275.912
1591.906
1594.371
1600.857
1609.951
1619.628
1628.374
1635.729
1641.976
1647.248
1651.923
1656.287
1660.214
1663.543
1666.516
1669.461
1672.602
1676.02
1679.599
1683.109
1686.222
1688.686
1690.432
1691.492
1691.837
1691.462
1690.366
1688.507
1685.871
1682.518
1678.536
1673.988
1668.904
1663.261
1657.011
1650.082
1642.428
1634.042
1624.962
1615.235
1604.928
1594.097
1582.776
1570.981
1558.72
1545.999
1532.836
1519.258
1505.31
1491.047
1476.543
15277.545
15512.434
15749.973
15987.69
16221.685
16449.08
16669.21
16882.93
17090.65
17293.214
17491.188
17684.356
17872.207
18054.663
18231.638
18402.952
18568.644
18728.362
18881.052
19025.362
19160.333
19285.535
19401.225
19507.991
19606.769
19698.282
19782.626
19859.68
19929.69
19992.91
20049.513
20099.648
20143.282
20180.154
20209.876
20232.154
20246.86
20254.044
20253.792
20246.261
20231.532
20209.562
20180.203
20143.238
20098.433
20045.577
19984.493
19915.054
19837.177
19750.832
NA
NA
NA
NA
NA
NA
NA
NA
NA
NA
NA
NA
NA
NA
NA
NA
NA
NA
NA
NA
NA
NA
NA
NA
NA
NA
NA
NA
NA
NA
NA
NA
NA
NA
NA
NA
NA
NA
NA
NA
NA
NA
NA
NA
NA
NA
NA
NA
NA
NA
NA
NA
NA
NA
NA
NA
NA
NA
NA
NA
NA
NA
NA
NA
NA
NA
NA
NA
NA
NA
NA
NA
NA
NA
NA
NA
NA
NA
NA
NA
NA
NA
NA
NA
NA
NA
NA
NA
NA
NA
NA
NA
NA
NA
NA
NA
NA
NA
NA
NA
6103.131
6287.582
6486.406
6695.573
6909.062
7122.401
7334.647
7546.901
7759.2
7972.095
8186.15
8400.969
8616.622
8834.792
9057.744
9287.148
9523.562
9766.662
10016.117
10271.247
10531.473
10796.661
11066.782
11341.42
11620.081
11902.278
12187.618
12475.699
12765.993
13057.929
13350.954
13644.629
13938.488
14231.904
14524.203
14814.792
15103.25
15389.233
15672.332
15952.165
16228.405
16500.793
16769.132
17033.282
17293.145
17548.66
17799.796
18046.555
18288.962
18527.08
NA
NA
NA
NA
NA
NA
NA
NA
NA
NA
NA
NA
NA
NA
NA
NA
NA
NA
NA
NA
NA
NA
NA
NA
NA
NA
NA
NA
NA
NA
NA
NA
NA
NA
NA
NA
NA
NA
NA
NA
NA
NA
NA
NA
NA
NA
NA
NA
NA
NA
NA
NA
NA
NA
NA
NA
NA
NA
NA
NA
NA
NA
NA
NA
NA
NA
NA
NA
NA
NA
NA
NA
NA
NA
NA
NA
NA
NA
NA
NA
NA
NA
NA
NA
NA
NA
NA
NA
NA
NA
NA
NA
NA
NA
NA
NA
NA
NA
NA
NA
18174.229
18376.069
18567.599
18749.36
18922.627
19088.416
19246.684
19397.178
19540.551
19677.636
19809.145
19935.304
20056.326
20172.872
20285.69
20395.302
20501.987
20605.634
20705.846
20801.993
20893.55
20980.374
21062.405
21139.274
21210.561
21275.914
21335.135
21388.094
21434.586
21474.427
21507.478
21533.632
21552.861
21565.218
21570.817
21569.764
21562.109
21547.898
21527.237
21500.255
21467.088
21427.872
21382.749
21331.867
21275.387
21213.488
21146.361
21074.222
20997.295
20915.831
1512.74
1498.922
1487.975
1478.901
1470.241
1460.939
1450.631
1439.622
1428.328
1417.434
1407.42
1398.345
1389.953
1382.036
1374.285
1366.456
1358.48
1350.368
1342.055
1333.484
1324.609
1315.372
1305.733
1295.69
1285.254
1274.431
1263.214
1251.577
1239.481
1226.881
1213.747
1200.073
1185.879
1171.199
1156.084
1140.58
1124.704
1108.476
1091.942
1075.155
1058.16
1040.989
1023.661
1006.191
988.586
970.861
953.031
935.116
917.142
899.14
NA
NA
NA
NA
NA
NA
NA
NA
NA
NA
NA
NA
NA
NA
NA
NA
NA
NA
NA
NA
NA
NA
NA
NA
NA
NA
NA
NA
NA
NA
NA
NA
NA
NA
NA
NA
NA
NA
NA
NA
NA
NA
NA
NA
NA
NA
NA
NA
NA
NA
1879417.216
1901510.317
1922441.988
1942340.343
1961415.413
1979828.238
1997604.565
2014712.643
2031190.677
2047073.806
2062389.957
2077155.525
2091380.657
2105074.085
2118239.6
2130873.533
2142976.424
2154530.802
2165488.929
2175787.89
2185374.807
2194232.322
2202347.833
2209678.661
2216177.49
2221810.314
2226559.891
2230429.965
2233435.432
2235603.247
2236958.163
2237508.226
2237262.302
2236248.399
2234500.338
2232048.436
2228909.164
2225098.13
2220642.61
2215572.087
2209910.776
2203674.838
2196873.529
2189511.081
2181589.458
2173110.256
2164075.37
2154487.969
2144351.675
2133671.752
9539.827
9637.788
9730.948
9819.715
9904.832
9986.884
10065.925
10141.859
10214.978
10285.62
10354.06
10420.449
10484.853
10547.341
10607.943
10666.687
10723.616
10778.769
10832.137
10883.693
10933.402
10981.234
11027.142
11071.041
11112.821
11152.377
11189.671
11224.627
11257.051
11286.707
11313.42
11337.142
11357.894
11375.668
11390.483
11402.384
11411.407
11417.641
11421.266
11422.51
11421.585
11418.663
11413.886
11407.382
11399.288
11389.77
11379.025
11367.291
11354.843
11341.994
11404.485
11517.581
11625.013
11727.112
11824.507
11917.722
12006.8
12091.74
12173.006
12251.166
12326.674
12399.752
12470.474
12538.954
12605.251
12669.413
12731.512
12791.603
12849.677
12905.694
12959.6
13011.357
13060.897
13108.08
13152.729
13194.676
13233.858
13270.172
13303.355
13333.097
13359.166
13381.488
13400.08
13414.922
13426.03
13433.454
13437.235
13437.484
13434.424
13428.339
13419.496
13408.117
13394.386
13378.477
13360.575
13340.902
13319.722
13297.35
13274.15
13250.538
3955.427
3961.879
3968.491
3974.734
3979.631
3982.504
3983.358
3982.637
3980.608
3977.646
3974.049
3969.895
3965.191
3960.07
3954.667
3949.076
3943.368
3937.532
3931.462
3924.992
3917.992
3910.415
3902.261
3893.488
3884.057
3873.927
3863.073
3851.448
3838.962
3825.509
3811.012
3795.446
3778.823
3761.159
3742.489
3722.852
3702.268
3680.77
3658.434
3635.351
3611.606
3587.268
3562.394
3537.035
3511.246
3485.088
3458.637
3431.983
3405.225
3378.482
3979.935
4007.887
4034.878
4061.707
4089.248
4118.116
4148.72
4180.984
4214.4
4248.157
4281.612
4314.616
4347.218
4379.194
4410.321
4440.402
4469.263
4496.774
4522.847
4547.422
4570.436
4591.802
4611.417
4629.184
4645.004
4658.797
4670.529
4680.178
4687.698
4693.05
4696.22
4697.187
4696.001
4692.811
4687.823
4681.196
4672.999
4663.238
4651.931
4639.077
4624.682
4608.768
4591.373
4572.537
4552.303
4530.696
4507.73
4483.403
4457.695
4430.568
149.446
150.992
152.446
153.811
155.083
156.265
157.359
158.375
159.32
160.206
161.042
161.831
162.575
163.278
163.945
164.579
165.182
165.752
166.283
166.764
167.189
167.555
167.862
168.109
168.293
168.413
168.468
168.457
168.385
168.258
168.078
167.848
167.568
167.237
166.854
166.42
165.935
165.401
164.818
164.188
163.511
162.789
162.023
161.215
160.366
159.478
158.553
157.592
156.598
155.572
390.308
398.951
407.015
414.622
421.952
429.141
436.23
443.196
450.032
456.715
463.227
469.575
475.781
481.863
487.84
493.728
499.535
505.252
510.851
516.294
521.55
526.606
531.465
536.144
540.664
545.039
549.272
553.349
557.243
560.921
564.359
567.549
570.493
573.191
575.642
577.85
579.814
581.538
583.032
584.314
585.396
586.289
586.999
587.532
587.893
588.092
588.138
588.044
587.828
587.509
70789.124
72192.101
73559.267
74892.682
76197.39
77477.158
78731.47
79958.411
81159.019
82334.674
83486.597
84614.588
85718.982
86802.083
87866.794
88914.891
89946.751
90960.83
91954.418
92923.725
93865.466
94778.361
95661.375
96511.641
97325.939
98101.635
98837.008
99531.221
100183.661
100794.154
101362.465
101888.033
102370.161
102808.394
103202.35
103551.831
103857.346
104119.256
104337.162
104510.526
104639.513
104725.271
104769.839
104775.899
104746.525
104684.916
104594.301
104477.918
104338.952
104180.611
129.63
130.159
130.661
131.133
131.571
131.974
132.339
132.668
132.967
133.244
133.506
133.755
133.986
134.196
134.375
134.518
134.622
134.686
134.71
134.693
134.634
134.531
134.382
134.183
133.93
133.621
133.253
132.825
132.338
131.791
131.183
130.515
129.788
129
128.15
127.24
126.27
125.241
124.158
123.024
121.843
120.618
119.351
118.046
116.704
115.33
113.927
112.5
111.053
109.592
4709.228
4683.096
4656.857
4630.895
4605.495
4580.865
4557.262
4534.787
4513.252
4492.318
4471.693
4451.349
4431.253
4411.078
4390.425
4368.983
4346.6
4323.257
4298.945
4273.712
4247.594
4220.558
4192.564
4163.643
4133.846
4103.221
4071.794
4039.585
4006.629
3972.967
3938.64
3903.67
3868.103
3832.038
3795.597
3758.87
3721.914
3684.731
3647.289
3609.526
3571.403
3532.917
3494.097
3454.989
3415.644
3376.096
3336.363
3296.441
3256.304
3215.905
5020.966
5032.987
5044.854
5056.126
5066.178
5074.571
5081.169
5086.129
5089.656
5092.08
5093.664
5094.436
5094.379
5093.652
5092.439
5090.87
5089.021
5086.866
5084.294
5081.132
5077.244
5072.584
5067.165
5060.974
5054.016
5046.278
5037.742
5028.352
5018.019
5006.632
4994.107
4980.417
4965.563
4949.527
4932.294
4913.869
4894.264
4873.513
4851.671
4828.807
4804.996
4780.313
4754.832
4728.635
4701.81
4674.46
4646.698
4618.655
4590.473
4562.311
121.728
124.21
126.615
128.945
131.206
133.403
135.535
137.601
139.604
141.545
143.428
145.252
147.018
148.73
150.394
152.011
153.584
155.109
156.581
157.99
159.33
160.599
161.797
162.921
163.966
164.928
165.807
166.603
167.326
167.983
168.583
169.128
169.618
170.055
170.441
170.776
171.063
171.301
171.49
171.627
171.712
171.743
171.72
171.642
171.509
171.321
171.076
170.772
170.406
169.976
3061.255
3138.981
3218.957
3300.76
3383.656
3467.097
3550.968
3635.432
3720.526
3806.345
3892.917
3980.158
4067.876
4155.854
4243.83
4331.558
4418.915
4505.761
4591.824
4676.793
4760.423
4842.561
4923.148
5002.147
5079.57
5155.424
5229.649
5302.201
5373.123
5442.491
5510.356
5576.705
5641.508
5704.786
5766.562
5826.839
5885.611
5942.83
5998.399
6052.196
6104.118
6154.098
6202.1
6248.106
6292.099
6334.051
6373.914
6411.62
6447.081
6480.186
NA
NA
NA
NA
NA
NA
NA
NA
NA
NA
NA
NA
NA
NA
NA
NA
NA
NA
NA
NA
NA
NA
NA
NA
NA
NA
NA
NA
NA
NA
NA
NA
NA
NA
NA
NA
NA
NA
NA
NA
NA
NA
NA
NA
NA
NA
NA
NA
NA
NA
1042.362
1072.883
1104.557
1136.742
1168.661
1199.754
1229.677
1258.496
1286.58
1314.53
1342.778
1371.389
1400.181
1429.049
1457.819
1486.358
1514.648
1542.712
1570.503
1597.967
1625.065
1651.766
1678.065
1703.988
1729.575
1754.857
1779.827
1804.466
1828.782
1852.779
1876.457
1899.81
1922.817
1945.438
1967.624
1989.33
2010.53
2031.208
2051.342
2070.912
2089.898
2108.275
2126.018
2143.099
2159.489
2175.162
2190.093
2204.257
2217.633
2230.201
4138.183
4217.238
4293.823
4368.442
4441.901
4514.784
4587.241
4659.066
4730.083
4799.994
4868.605
4935.844
5001.846
5066.864
5131.249
5195.238
5258.886
5322.064
5384.594
5446.215
5506.707
5565.992
5624.027
5680.65
5735.684
5788.982
5840.446
5890.016
5937.632
5983.251
6026.833
6068.326
6107.69
6144.925
6180.048
6213.07
6243.973
6272.736
6299.364
6323.867
6346.249
6366.505
6384.622
6400.579
6414.356
6425.936
6435.301
6442.441
6447.345
6450.011
1967.751
2010.882
2038.329
2053.377
2062.509
2070.54
2077.327
2080.794
2081.774
2081.191
2079.752
2077.953
2075.901
2073.405
2070.037
2065.498
2059.839
2053.267
2045.802
2037.469
2028.293
2018.287
2007.474
1995.898
1983.614
1970.664
1957.085
1942.888
1928.06
1912.576
1896.424
1879.62
1862.206
1844.23
1825.75
1806.821
1787.477
1767.75
1747.683
1727.321
1706.708
1685.884
1664.884
1643.744
1622.495
1601.173
1579.811
1558.447
1537.115
1515.856
846.496
857.587
866.123
872.142
875.791
877.242
876.475
873.61
869.158
863.779
857.993
852.016
845.875
839.662
833.41
827.144
820.967
814.939
808.975
802.933
796.708
790.29
783.715
776.975
770.067
762.992
755.746
748.336
740.789
733.139
725.42
717.643
709.818
701.965
694.105
686.257
678.435
670.65
662.907
655.212
647.569
639.984
632.466
625.023
617.662
610.39
603.21
596.124
589.132
582.229
84794.598
85733.399
86624.182
87467.185
88264.402
89017.751
89726.472
90390.698
91014.669
91604.068
92163.389
92694.023
93196.138
93671.405
94121.335
94546.886
94949.026
95327.497
95680.298
96004.48
96297.697
96559.263
96789.168
96986.487
97150.318
97279.931
97375.105
97435.608
97460.771
97449.882
97402.668
97318.816
97199.098
97045.684
96861.505
96648.824
96408.678
96141.054
95845.854
95522.569
95170.956
94791.251
94384.101
93950.366
93490.923
93006.445
92497.333
91963.697
91405.304
90821.646
NA
NA
NA
NA
NA
NA
NA
NA
NA
NA
NA
NA
NA
NA
NA
NA
NA
NA
NA
NA
NA
NA
NA
NA
NA
NA
NA
NA
NA
NA
NA
NA
NA
NA
NA
NA
NA
NA
NA
NA
NA
NA
NA
NA
NA
NA
NA
NA
NA
NA
173.968
177.658
181.276
184.825
188.31
191.737
195.103
198.404
201.633
204.785
207.855
210.842
213.75
216.579
219.336
222.023
224.641
227.192
229.688
232.142
234.564
236.957
239.319
241.644
243.925
246.156
248.335
250.46
252.524
254.519
256.437
258.275
260.033
261.708
263.298
264.801
266.217
267.546
268.794
269.965
271.065
272.097
273.063
273.965
274.805
275.585
276.309
276.982
277.611
278.204
3939.393
3902.059
3863.951
3825.626
3787.862
3751.215
3715.886
3681.698
3648.357
3615.401
3582.486
3549.528
3516.62
3483.797
3451.146
3418.719
3386.503
3354.431
3322.429
3290.41
3258.304
3226.069
3193.705
3161.231
3128.69
3096.103
3063.484
3030.802
2997.988
2964.948
2931.622
2897.992
2864.097
2830.002
2795.802
2761.575
2727.32
2693.042
2658.827
2624.779
2590.963
2557.381
2523.984
2490.682
2457.371
2423.944
2390.301
2356.351
2322.013
2287.218
5795.903
5971.225
6151.064
6335.466
6524.501
6718.233
6916.665
7119.814
7327.771
7540.649
7758.533
7981.393
8209.199
8442.014
8679.916
8922.916
9170.944
9423.83
9681.337
9943.168
10209.031
10478.67
10751.856
11028.329
11307.823
11590.038
11874.676
12161.361
12449.598
12738.832
13028.553
13318.372
13607.949
13896.872
14184.733
14471.146
14755.786
15038.327
15318.396
15595.613
15869.651
16140.25
16407.214
16670.395
16929.674
17184.947
17436.116
17683.089
17925.774
18164.089
3044.282
3116.335
3210.345
3321.177
3440.846
3563.145
3686.961
3813.054
3939.239
4063.315
4183.719
4298.976
4409.065
4515.797
4622.016
4729.786
4839.577
4950.67
5062.544
5174.301
5285.295
5395.46
5505.093
5614.331
5723.398
5832.464
5941.518
6050.508
6159.501
6268.579
6377.779
6487.082
6596.405
6705.631
6814.605
6923.174
7031.253
7138.728
7245.375
7350.929
7455.167
7557.932
7659.125
7758.685
7856.559
7952.681
8046.963
8139.293
8229.525
8317.492
207.335
211.704
215.992
220.205
224.359
228.462
232.514
236.507
240.443
244.325
248.152
251.923
255.638
259.301
262.917
266.491
270.022
273.503
276.922
280.264
283.515
286.669
289.722
292.669
295.506
298.228
300.83
303.307
305.651
307.858
309.92
311.835
313.601
315.215
316.673
317.974
319.116
320.099
320.93
321.617
322.166
322.58
322.858
323.001
323.007
322.874
322.605
322.201
321.668
321.012
6374.598
6538.445
6699.844
6859.657
7019.08
7178.952
7339.571
7500.611
7661.512
7821.426
7979.705
8136.133
8290.811
8443.78
8595.179
8745.066
8893.386
9039.931
9184.415
9326.483
9465.86
9602.398
9736.08
9866.92
9994.99
10120.333
10242.909
10362.637
10479.48
10593.397
10704.353
10812.297
10917.202
11019.072
11117.929
11213.771
11306.559
11396.221
11482.674
11565.815
11645.549
11721.788
11794.457
11863.478
11928.775
11990.259
12047.826
12101.362
12150.734
12195.798
7501.31
7649.17
7788.088
7918.707
8042.242
8159.683
8271.14
8376.548
8476.571
8572.012
8663.543
8751.51
8836.135
8917.808
8996.899
9073.701
9148.492
9221.384
9292.271
9360.919
9427.171
9491.046
9552.669
9612.093
9669.391
9724.616
9777.778
9828.874
9877.919
9924.929
9969.907
10012.851
10053.737
10092.509
10129.096
10163.434
10195.5
10225.271
10252.679
10277.645
10300.113
10320.051
10337.454
10352.334
10364.712
10374.605
10382.029
10386.993
10389.498
10389.544
15234.339
15358.689
15477.998
15592.607
15702.996
15809.583
15912.528
16011.964
16108.254
16201.809
16292.965
16381.879
16468.65
16553.466
16636.505
16717.871
16797.626
16875.707
16951.909
17025.933
17097.515
17166.479
17232.704
17296.014
17356.229
17413.141
17466.671
17516.574
17562.285
17603.105
17638.533
17668.396
17692.795
17711.856
17725.83
17734.97
17739.395
17739.266
17734.962
17726.949
17715.659
17701.456
17684.65
17665.525
17644.379
17621.558
17597.463
17572.564
17547.391
17522.547
18720.916
18869.328
19006.982
19134.988
19255.158
19368.893
19476.451
19577.593
19672.652
19761.927
19845.682
19924.04
19997.161
20065.331
20128.86
20187.908
20242.614
20292.772
20337.743
20376.65
20408.813
20433.977
20452.165
20463.308
20467.418
20464.492
20454.483
20437.295
20412.838
20381.019
20341.807
20295.19
20241.285
20180.353
20112.742
20038.746
19958.49
19872.048
19779.584
19681.266
19577.237
19467.604
19352.446
19231.816
19105.755
18974.296
18837.466
18695.29
18547.787
18394.978
NA
NA
NA
NA
NA
NA
NA
NA
NA
NA
NA
NA
NA
NA
NA
NA
NA
NA
NA
NA
NA
NA
NA
NA
NA
NA
NA
NA
NA
NA
NA
NA
NA
NA
NA
NA
NA
NA
NA
NA
NA
NA
NA
NA
NA
NA
NA
NA
NA
NA
1801.123
1827.353
1850.04
1870.614
1891.089
1912.935
1936.656
1961.892
1988.189
2014.746
2040.967
2066.776
2092.374
2117.752
2142.938
2167.933
2192.703
2217.151
2241.138
2264.494
2287.096
2308.885
2329.872
2350.084
2369.58
2388.412
2406.58
2424.086
2440.988
2457.362
2473.266
2488.725
2503.746
2518.356
2532.573
2546.414
2559.884
2572.982
2585.703
2598.036
2609.965
2621.47
2632.526
2643.104
2653.172
2662.689
2671.611
2679.887
2687.462
2694.275
66806.055
67878.092
68910.189
69902.214
70856.319
71774.269
72654.976
73497.342
74303.573
75076.864
75820.023
76533.205
77217.135
77875.829
78514.24
79135.734
79741.83
80331.198
80900.639
81445.364
81961.529
82448.472
82906.211
83332.335
83724.13
84079.72
84397.709
84678.486
84924.234
85138.269
85323.033
85479.088
85605.734
85702.605
85768.953
85804.204
85808.403
85781.748
85723.932
85634.572
85513.391
85360.268
85175.225
84958.374
84709.866
84429.829
84118.345
83775.459
83401.139
82995.331
3883.448
4000.998
4119.12
4238.314
4359.427
4483.089
4609.377
4738.078
4869.204
5002.721
5138.607
5276.824
5417.405
5560.457
5706.123
5854.459
6005.4
6158.754
6314.268
6471.621
6630.495
6790.682
6951.945
7113.886
7276.056
7438.047
7599.605
7760.493
7920.353
8078.81
8235.552
8390.339
8543.038
8693.598
8842.032
8988.336
9132.386
9274.061
9413.365
9550.336
9684.973
9817.213
9946.942
10074.01
10198.257
10319.535
10437.71
10552.673
10664.334
10772.628
70.29
70.394
70.482
70.55
70.595
70.613
70.603
70.567
70.504
70.418
70.311
70.183
70.034
69.868
69.685
69.49
69.282
69.063
68.832
68.59
68.338
68.075
67.802
67.518
67.222
66.913
66.591
66.255
65.906
65.541
65.16
64.763
64.35
63.92
63.473
63.009
62.527
62.029
61.515
60.987
60.446
59.894
59.331
58.76
58.181
57.596
57.007
56.416
55.825
55.237
7534.647
7623.121
7706.866
7786.316
7862.169
7934.997
8004.922
8071.975
8136.537
8199.046
8259.853
8319.087
8376.811
8433.208
8488.448
8542.609
8595.742
8647.708
8698.134
8746.507
8792.395
8835.642
8876.143
8913.568
8947.554
8977.816
9004.209
9026.688
9045.21
9059.78
9070.431
9077.132
9079.933
9079.058
9074.808
9067.433
9057.034
9043.656
9027.422
9008.453
8986.85
8962.687
8936.016
8906.867
8875.259
8841.202
8804.699
8765.748
8724.338
8680.459
655828.169
659930.25
663491.601
666592.988
669357.584
671878.813
674180.351
676245.543
678079.976
679680.064
681044.689
682181.674
683102.984
683814.268
684320.223
684623.003
684725.082
684623.236
684305.755
683756.418
682961.876
681920.32
680630.338
679079.44
677252.955
675141.514
672742.876
670063.012
667111.718
663903.358
660451.542
656760.503
652837.349
648702.306
644379.877
639889.365
635242.884
630443.412
625489.389
620374.647
615096.145
609656.526
604063.26
598326.424
592456.321
586461.075
580345.827
574112.421
567758.984
561280.442
3360.495
3397.027
3428.23
3455.546
3481.217
3506.914
3532.982
3559.001
3584.975
3610.735
3636.144
3661.354
3686.477
3711.259
3735.336
3758.451
3780.492
3801.55
3821.818
3841.588
3861.057
3880.237
3899.011
3917.287
3934.928
3951.803
3967.907
3983.176
3997.343
4010.078
4021.143
4030.436
4038.018
4044.028
4048.693
4052.191
4054.577
4055.851
4056.08
4055.332
4053.674
4051.174
4047.901
4043.923
4039.309
4034.126
4028.442
4022.325
4015.841
4009.057
214.099
216.287
218.243
220.017
221.676
223.273
224.825
226.334
227.822
229.308
230.805
232.326
233.872
235.426
236.961
238.457
239.906
241.31
242.666
243.974
245.231
246.433
247.57
248.629
249.591
250.443
251.179
251.797
252.293
252.663
252.906
253.021
253.01
252.881
252.645
252.312
251.887
251.376
250.79
250.142
249.441
248.698
247.92
247.115
246.289
245.449
244.604
243.764
242.938
242.138
20803.58
21126.546
21436.266
21733.548
22020.185
22297.589
22565.735
22824.25
23073.903
23315.661
23550.357
23778.201
23999.455
24215.02
24425.946
24632.931
24836.461
25036.276
25231.363
25420.236
25601.793
25775.446
25941.379
26100.146
26252.65
26399.387
26540.362
26674.8
26801.435
26918.597
27024.962
27120.141
27204.076
27276.2
27335.97
27383.064
27417.166
27438.453
27447.752
27446.25
27434.882
27414.12
27384.049
27344.536
27295.431
27236.747
27168.723
27091.862
27006.937
26914.991
353.818
363.965
374.172
384.428
394.732
405.076
415.448
425.822
436.163
446.43
456.593
466.633
476.55
486.349
496.047
505.655
515.172
524.594
533.925
543.168
552.328
561.402
570.393
579.312
588.178
597.001
605.782
614.508
623.161
631.715
640.146
648.444
656.6
664.594
672.404
680.01
687.4
694.567
701.5
708.191
714.635
720.825
726.759
732.432
737.845
742.997
747.891
752.53
756.919
761.065
1700.585
1746.105
1789.275
1831.698
1875.677
1922.87
1973.824
2028.03
2084.803
2143.021
2201.857
2261.132
2321.102
2381.874
2443.669
2506.619
2570.661
2635.611
2701.336
2767.667
2834.445
2901.573
2968.944
3036.365
3103.621
3170.525
3236.961
3302.844
3368.067
3432.529
3496.149
3558.828
3620.511
3681.211
3740.977
3799.83
3857.733
3914.612
3970.406
4025.042
4078.454
4130.579
4181.362
4230.749
4278.686
4325.109
4369.949
4413.129
4454.561
4494.149
NA
NA
NA
NA
NA
NA
NA
NA
NA
NA
NA
NA
NA
NA
NA
NA
NA
NA
NA
NA
NA
NA
NA
NA
NA
NA
NA
NA
NA
NA
NA
NA
NA
NA
NA
NA
NA
NA
NA
NA
NA
NA
NA
NA
NA
NA
NA
NA
NA
NA
1997.785
2038.327
2076.019
2111.356
2145.18
2178.105
2210.259
2241.394
2271.317
2299.723
2326.424
2351.365
2374.731
2396.866
2418.236
2439.187
2459.836
2480.115
2499.941
2519.156
2537.632
2555.365
2572.375
2588.582
2603.89
2618.221
2631.539
2643.831
2655.074
2665.253
2674.356
2682.37
2689.289
2695.13
2699.92
2703.682
2706.422
2708.148
2708.884
2708.659
2707.499
2705.42
2702.433
2698.542
2693.753
2688.071
2681.506
2674.07
2665.779
2656.651
2139.766
2137.907
2132.898
2125.582
2117.608
2110.172
2103.242
2096.195
2088.982
2081.497
2073.665
2065.49
2057.014
2048.227
2039.123
2029.693
2019.941
2009.866
1999.445
1988.653
1977.476
1965.909
1953.971
1941.701
1929.151
1916.365
1903.357
1890.135
1876.718
1863.128
1849.38
1835.488
1821.456
1807.285
1792.967
1778.498
1763.884
1749.129
1734.218
1719.134
1703.865
1688.411
1672.782
1656.994
1641.066
1625.014
1608.854
1592.596
1576.25
1559.82
5609.427
5618.956
5624.006
5625.251
5623.689
5620.107
5614.722
5607.5
5598.691
5588.52
5577.172
5564.775
5551.417
5537.161
5522.036
5506.035
5489.203
5471.479
5452.601
5432.211
5410.029
5385.954
5359.977
5332.03
5302.062
5270.038
5235.924
5199.698
5161.358
5120.916
5078.401
5033.815
4987.208
4938.715
4888.51
4836.733
4783.454
4728.699
4672.512
4614.922
4555.961
4495.665
4434.074
4371.225
4307.152
4241.882
4175.429
4107.8
4038.987
3968.975
390.642
393.534
396.165
398.546
400.678
402.569
404.236
405.703
406.995
408.14
409.159
410.064
410.863
411.575
412.221
412.813
413.362
413.861
414.285
414.598
414.772
414.8
414.683
414.416
413.994
413.413
412.67
411.766
410.706
409.498
408.15
406.665
405.047
403.307
401.456
399.505
397.46
395.326
393.11
390.822
388.467
386.051
383.577
381.047
378.462
375.823
373.13
370.385
367.588
364.739
4997.025
4990.997
4984.815
4978.442
4971.771
4964.708
4957.282
4949.492
4941.161
4932.056
4922.005
4910.916
4898.81
4885.765
4871.915
4857.35
4842.061
4825.974
4809.024
4791.121
4772.187
4752.219
4731.192
4708.986
4685.451
4660.489
4634.07
4606.248
4577.119
4546.822
4515.482
4483.135
4449.821
4415.673
4380.849
4345.471
4309.614
4273.3
4236.525
4199.261
4161.492
4123.226
4084.491
4045.327
4005.769
3965.837
3925.534
3884.84
3843.715
3802.096
8077.479
8203.177
8324.994
8443.644
8559.833
8674.078
8786.844
8898.196
9007.711
9114.679
9218.574
9319.357
9417.205
9512.061
9603.888
9692.676
9778.434
9861.212
9941.102
10018.233
10092.745
10164.68
10234.157
10301.48
10367.025
10431.082
10493.783
10555.137
10615.14
10673.731
10730.863
10786.548
10840.806
10893.579
10944.792
10994.37
11042.25
11088.386
11132.732
11175.246
11215.869
11254.513
11291.067
11325.402
11357.382
11386.862
11413.698
11437.747
11458.86
11476.895
11178.696
11228.212
11267.755
11297.843
11319.058
11332.146
11337.497
11336.112
11330.098
11322.047
11313.986
11306.827
11300.737
11296.021
11292.695
11290.72
11290.28
11291.415
11293.65
11296.291
11298.677
11300.587
11301.668
11300.933
11297.188
11289.483
11277.388
11260.762
11239.337
11212.941
11181.479
11144.82
11102.98
11056.247
11005.051
10949.79
10890.613
10827.701
10761.532
10692.672
10621.594
10548.618
10473.93
10397.635
10319.812
10240.573
10160.075
10078.536
9996.235
9913.512
24014.696
24604.138
25284.878
26033.376
26811.416
27590.72
28366.403
29147.276
29934.588
30732.603
31544.351
32368.175
33201.411
34045.208
34901.383
35771.074
36653.982
37548.951
38455.143
39371.44
40296.624
41229.701
42169.436
43113.948
44061.065
45008.71
45955.556
46900.085
47839.772
48771.791
49693.79
50604.22
51502.192
52386.881
53257.772
54114.37
54955.737
55781.153
56590.658
57384.585
58163.05
58925.774
59672.152
60401.387
61112.662
61805.287
62478.742
63132.726
63767.139
64382.108
2633.797
2642.441
2650.006
2656.548
2662.207
2667.09
2671.184
2674.447
2676.933
2678.714
2679.851
2680.377
2680.311
2679.681
2678.513
2676.833
2674.66
2672.021
2668.964
2665.541
2661.792
2657.732
2653.356
2648.657
2643.616
2638.212
2632.442
2626.29
2619.709
2612.64
2605.033
2596.877
2588.165
2578.855
2568.903
2558.283
2546.99
2535.046
2522.488
2509.366
2495.732
2481.63
2467.101
2452.186
2436.932
2421.395
2405.645
2389.764
2373.845
2357.998
330.921
338.019
343.597
348.066
352.098
356.2
360.449
364.725
369.11
373.668
378.445
383.508
388.883
394.51
400.29
406.151
412.071
418.069
424.156
430.354
436.671
443.106
449.627
456.18
462.694
469.117
475.424
481.617
487.697
493.675
499.558
505.342
511.018
516.595
522.083
527.489
532.814
538.056
543.221
548.312
553.333
558.283
563.158
567.951
572.655
577.263
581.766
586.157
590.427
594.571
NA
NA
NA
NA
NA
NA
NA
NA
NA
NA
NA
NA
NA
NA
NA
NA
NA
NA
NA
NA
NA
NA
NA
NA
NA
NA
NA
NA
NA
NA
NA
NA
NA
NA
NA
NA
NA
NA
NA
NA
NA
NA
NA
NA
NA
NA
NA
NA
NA
NA
4240.555
4301.43
4359.517
4414.902
4467.858
4518.587
4567.036
4613.075
4656.758
4698.167
4737.378
4774.404
4809.279
4842.133
4873.123
4902.366
4929.928
4955.799
4979.922
5002.202
5022.571
5041.004
5057.531
5072.198
5085.075
5096.2
5105.598
5113.225
5118.971
5122.684
5124.258
5123.661
5120.931
5116.115
5109.29
5100.521
5089.824
5077.207
5062.728
5046.45
5028.427
5008.692
4987.263
4964.145
4939.342
4912.858
4884.704
4854.895
4823.456
4790.415
124620.575
127526.363
130343.224
133103.522
135858.39
138645.856
141473.426
144330.63
147216.478
150125.824
153054.924
156004.474
158977.419
161974.083
164994.614
168038.071
171103.571
174187.72
177283.62
180382.486
183476.904
186562.803
189637.829
192698.259
195740.687
198761.865
201758.607
204727.875
207666.849
210572.907
213443.676
216276.885
219070.652
221823.528
224534.388
227202.159
229825.15
232402.094
234932.83
237417.641
239856.379
242248.15
244591.441
246884.339
249124.855
251311.143
253441.578
255514.871
257529.972
259486.206
757591.997
762000.567
765814.871
769119.039
772041.798
774681.199
777061.763
779167.164
781006.642
782580.927
783892.322
784950.85
785769.142
786352.735
786705.427
786828.935
786726.277
786395.566
785826.274
785003.573
783915.207
782559.921
780936.447
779032.395
776833.005
774328.815
771517.995
768406.639
765003.748
761322.571
757376.032
753168.335
748707.241
744013.801
739113.669
734027.182
728767.103
723336.911
717735.779
711958.295
706002.228
699871.079
693573.236
687119.731
680521.875
673788.822
666926.77
659938.658
652823.709
645578.004
144136.422
143395.653
142614.485
141805.463
140982.187
140155.18
139331.352
138512.567
137697.366
136881.278
136060.757
135236.824
134410.871
133579.66
132738.823
131884.971
131016.544
130133.523
129235.871
128324.121
127398.474
126458.921
125504.51
124533.436
123543.419
122533.027
121501.715
120450.514
119381.552
118297.844
117201.848
116094.563
114976.276
113847.867
112710.11
111563.781
110409.668
109248.619
108081.464
106909.025
105732.034
104551.089
103366.673
102179.175
100988.932
99796.239
98601.358
97404.545
96206.007
95005.963
6238.404
6329.05
6415.762
6498.523
6577.367
6652.404
6723.562
6791.046
6855.585
6918.141
6979.423
7039.719
7098.924
7156.852
7213.142
7267.518
7319.93
7370.442
7418.996
7465.537
7509.988
7552.295
7592.334
7629.872
7664.623
7696.361
7724.979
7750.449
7772.732
7791.819
7807.706
7820.359
7829.763
7835.961
7839.022
7839.009
7835.971
7829.932
7820.906
7808.894
7793.927
7776.071
7755.426
7732.116
7706.277
7678.048
7647.567
7614.97
7580.385
7543.942
33833.281
34461.048
35095.244
35734.53
36377.173
37021.242
37666.214
38310.23
38948.354
39574.447
40183.923
40774.272
41345.724
41899.876
42439.719
42967.35
43482.834
43984.9
44472.788
44945.409
45401.967
45842.095
46265.967
46673.959
47066.686
47444.537
47807.478
48155.13
48487.089
48802.811
49101.824
49383.89
49648.83
49896.265
50125.784
50337.031
50530.249
50705.354
50861.318
50996.822
51111.186
51204.684
51278.435
51334.138
51373.782
51399.357
51412.761
51415.752
51409.912
51396.693
3044.634
3092.327
3137.406
3179.893
3219.93
3257.654
3293.128
3326.39
3357.561
3386.787
3414.272
3439.959
3464.101
3487.571
3511.49
3536.628
3563.377
3591.449
3620.085
3648.151
3674.804
3699.787
3723.285
3745.425
3766.476
3786.617
3805.827
3823.939
3840.822
3856.301
3870.251
3882.613
3893.402
3902.646
3910.406
3916.728
3921.607
3925.022
3926.983
3927.502
3926.588
3924.244
3920.468
3915.255
3908.602
3900.501
3890.949
3879.941
3867.477
3853.554
225.297
231.229
237.277
243.411
249.596
255.803
262.017
268.236
274.463
280.709
286.978
293.266
299.565
305.871
312.185
318.502
324.82
331.133
337.431
343.704
349.942
356.139
362.29
368.391
374.438
380.425
386.348
392.202
397.98
403.676
409.285
414.802
420.222
425.542
430.759
435.869
440.867
445.749
450.512
455.154
459.672
464.061
468.314
472.424
476.382
480.179
483.807
487.259
490.526
493.602
1844.856
1911.195
1980.977
2053.496
2128.066
2203.977
2280.966
2358.356
2434.584
2507.765
2576.609
2640.298
2699.24
2754.936
2809.622
2864.943
2921.341
2978.374
3035.741
3092.851
3149.264
3204.988
3260.213
3314.873
3368.902
3422.244
3474.842
3526.671
3577.755
3628.136
3677.837
3726.843
3775.099
3822.528
3869.033
3914.536
3958.982
4002.35
4044.629
4085.824
4125.925
4164.896
4202.683
4239.216
4274.425
4308.243
4340.61
4371.477
4400.802
4428.557
630.098
622.785
615.282
607.657
600.068
592.63
585.315
578.042
570.808
563.615
556.462
549.342
542.246
535.162
528.077
520.979
513.862
506.721
499.54
492.301
484.992
477.606
470.146
462.617
455.033
447.402
439.728
432.01
424.255
416.468
408.657
400.826
392.978
385.115
377.238
369.347
361.444
353.535
345.63
337.743
329.884
322.056
314.258
306.485
298.73
290.988
283.254
275.524
267.799
260.079
32533.164
33345.707
34156.896
34968.796
35783.96
36604.59
37431.427
38265.244
39108.235
39962.886
40830.92
41712.895
42608.305
43516.294
44435.425
45364.2
46301.9
47247.397
48198.118
49150.935
50103.102
51053.036
51999.475
52940.369
53873.614
54797.399
55710.453
56611.799
57500.376
58375.272
59235.797
60081.225
60911.288
61726.389
62527.306
63314.665
64088.371
64848.307
65595.051
66329.343
67051.688
67762.207
68460.697
69146.735
69819.818
70479.47
71125.284
71756.958
72374.275
72977.137
350900.082
350598.839
350175.67
349645.27
349026.778
348335.996
347579.517
346760.656
345887.688
344968.72
344010.15
343017.13
341991.86
340933.411
339838.731
338705.41
337533.945
336325.318
335077.683
333788.553
332455.808
331078.646
329656.46
328187.4
326669.409
325100.901
323480.999
321809.509
320086.34
318311.736
316485.995
314609.612
312682.856
310705.568
308677.504
306599.027
304471.234
302296.131
300076.163
297814.317
295513.62
293176.936
290807.059
288406.826
285979.328
283528.009
281056.713
278569.777
276071.919
273568.401
NA
NA
NA
NA
NA
NA
NA
NA
NA
NA
NA
NA
NA
NA
NA
NA
NA
NA
NA
NA
NA
NA
NA
NA
NA
NA
NA
NA
NA
NA
NA
NA
NA
NA
NA
NA
NA
NA
NA
NA
NA
NA
NA
NA
NA
NA
NA
NA
NA
NA
NA
NA
NA
NA
NA
NA
NA
NA
NA
NA
NA
NA
NA
NA
NA
NA
NA
NA
NA
NA
NA
NA
NA
NA
NA
NA
NA
NA
NA
NA
NA
NA
NA
NA
NA
NA
NA
NA
NA
NA
NA
NA
NA
NA
NA
NA
NA
NA
NA
NA
413.761
417.785
421.487
424.886
428.026
430.94
433.626
436.072
438.285
440.278
442.06
443.647
445.047
446.253
447.256
448.053
448.631
449.014
449.284
449.553
449.893
450.338
450.851
451.344
451.689
451.79
451.619
451.193
450.517
449.609
448.483
447.135
445.554
443.748
441.723
439.488
437.046
434.4
431.558
428.532
425.33
421.958
418.419
414.715
410.846
406.815
402.624
398.275
393.775
389.128
2525.848
2531.63
2536.903
2541.644
2545.794
2549.311
2552.213
2554.541
2556.312
2557.538
2558.237
2558.412
2558.074
2557.249
2555.97
2554.257
2552.107
2549.51
2546.47
2542.993
2539.07
2534.707
2529.868
2524.457
2518.344
2511.435
2503.702
2495.159
2485.808
2475.665
2464.752
2453.08
2440.671
2427.578
2413.867
2399.602
2384.826
2369.584
2353.946
2337.988
2321.783
2305.391
2288.864
2272.248
2255.589
2238.934
2222.338
2205.858
2189.559
2173.511
28885.776
28996.734
29106.428
29210.525
29303.13
29380.176
29440.002
29484.291
29516.459
29541.605
29563.559
29583.28
29599.996
29613.716
29623.998
29630.493
29633.493
29633.281
29629.39
29621.143
29608.007
29589.718
29566.275
29537.702
29504.114
29465.519
29421.824
29372.703
29317.643
29255.998
29187.258
29111.294
29028.064
28937.265
28838.583
28731.853
28617.096
28494.552
28364.585
28227.7
28084.413
27935.209
27780.558
27620.951
27456.938
27289.168
27118.396
26945.5
26771.466
26597.411
84.791
87.074
89.194
91.185
93.104
94.993
96.859
98.692
100.496
102.274
104.027
105.76
107.477
109.181
110.875
112.561
114.24
115.91
117.566
119.203
120.814
122.397
123.95
125.467
126.939
128.36
129.728
131.041
132.296
133.492
134.627
135.701
136.713
137.665
138.559
139.396
140.178
140.906
141.584
142.216
142.808
143.361
143.878
144.36
144.808
145.223
145.608
145.965
146.297
146.609
120.615
122.274
123.869
125.403
126.883
128.313
129.693
131.023
132.306
133.547
134.75
135.915
137.042
138.132
139.184
140.199
141.176
142.114
143.01
143.86
144.66
145.408
146.103
146.746
147.335
147.871
148.354
148.782
149.151
149.456
149.693
149.861
149.963
150.003
149.989
149.925
149.814
149.657
149.454
149.205
148.912
148.575
148.197
147.777
147.317
146.819
146.282
145.707
145.094
144.441
624.881
636.965
647.924
658.174
668.308
678.762
689.679
700.946
712.418
723.851
735.065
746.036
756.837
767.494
778.055
788.554
798.986
809.326
819.553
829.645
839.579
849.345
858.935
868.326
877.494
886.419
895.087
903.492
911.63
919.502
927.106
934.437
941.489
948.258
954.742
960.94
966.848
972.463
977.788
982.824
987.573
992.034
996.203
1000.078
1003.652
1006.922
1009.885
1012.538
1014.88
1016.91
649.125
667.673
685.574
702.919
719.882
736.587
753.044
769.194
785.012
800.459
815.511
830.168
844.456
858.407
872.069
885.478
898.645
911.575
924.296
936.838
949.22
961.455
973.539
985.452
997.165
1008.655
1019.913
1030.936
1041.714
1052.232
1062.48
1072.447
1082.123
1091.497
1100.557
1109.291
1117.693
1125.754
1133.463
1140.809
1147.784
1154.381
1160.599
1166.436
1171.895
1176.976
1181.681
1186.013
1189.972
1193.56
2511.9
2492.274
2467.853
2440.474
2412.802
2386.821
2363.067
2341.122
2320.855
2301.842
2283.731
2266.639
2250.658
2235.334
2220.059
2204.371
2188.079
2171.22
2153.844
2136.091
2118.06
2099.718
2080.978
2061.829
2042.26
2022.264
2001.835
1980.971
1959.669
1937.932
1915.761
1893.161
1870.14
1846.712
1822.895
1798.708
1774.165
1749.28
1724.071
1698.558
1672.76
1646.698
1620.395
1593.872
1567.153
1540.265
1513.232
1486.083
1458.845
1431.548
40159.345
40191.568
40215.178
40230.466
40236.278
40231.977
40218.921
40198.97
40172.354
40139.009
40099.001
40052.571
40000.293
39942.884
39881.179
39815.737
39746.999
39674.772
39598.164
39515.872
39426.969
39331.138
39228.702
39120.13
39006.158
38887.316
38763.737
38635.222
38501.57
38362.462
38217.676
38067.281
37911.417
37750.014
37582.987
37410.352
37232.274
37049.047
36860.991
36668.499
36472.003
36271.958
36068.849
35863.198
35655.581
35446.634
35237.052
35027.605
34819.115
34612.486
9744.857
9951.475
10158.736
10365.67
10570.824
10773.089
10972.223
11168.403
11361.433
11551.19
11737.601
11920.473
12099.793
12275.916
12449.355
12620.485
12789.362
12955.86
13119.93
13281.471
13440.371
13596.594
13750.057
13900.522
14047.694
14191.321
14331.244
14467.369
14599.583
14727.792
14851.89
14971.772
15087.297
15198.278
15304.509
15405.823
15502.103
15593.296
15679.366
15760.313
15836.128
15906.779
15972.221
16032.401
16087.277
16136.822
16181.032
16219.929
16253.556
16281.985
NA
NA
NA
NA
NA
NA
NA
NA
NA
NA
NA
NA
NA
NA
NA
NA
NA
NA
NA
NA
NA
NA
NA
NA
NA
NA
NA
NA
NA
NA
NA
NA
NA
NA
NA
NA
NA
NA
NA
NA
NA
NA
NA
NA
NA
NA
NA
NA
NA
NA
5376.727
5394.719
5401.109
5399.067
5393.464
5387.91
5383.293
5378.677
5373.701
5367.481
5359.402
5349.614
5338.598
5326.409
5313.103
5298.733
5283.353
5267.011
5249.745
5231.589
5212.578
5192.736
5172.109
5150.787
5128.873
5106.443
5083.53
5060.122
5036.19
5011.681
4986.549
4960.785
4934.376
4907.264
4879.376
4850.654
4821.082
4790.652
4759.321
4727.04
4693.785
4659.556
4624.382
4588.309
4551.397
4513.706
4475.301
4436.245
4396.601
4356.432
NA
NA
NA
NA
NA
NA
NA
NA
NA
NA
NA
NA
NA
NA
NA
NA
NA
NA
NA
NA
NA
NA
NA
NA
NA
NA
NA
NA
NA
NA
NA
NA
NA
NA
NA
NA
NA
NA
NA
NA
NA
NA
NA
NA
NA
NA
NA
NA
NA
NA
NA
NA
NA
NA
NA
NA
NA
NA
NA
NA
NA
NA
NA
NA
NA
NA
NA
NA
NA
NA
NA
NA
NA
NA
NA
NA
NA
NA
NA
NA
NA
NA
NA
NA
NA
NA
NA
NA
NA
NA
NA
NA
NA
NA
NA
NA
NA
NA
NA
NA
207.174
208.621
209.964
211.187
212.273
213.211
213.993
214.623
215.118
215.503
215.8
216.014
216.147
216.21
216.217
216.178
216.098
215.98
215.823
215.628
215.391
215.114
214.796
214.429
214.008
213.523
212.973
212.354
211.661
210.886
210.023
209.07
208.026
206.888
205.654
204.323
202.895
201.372
199.757
198.056
196.273
194.413
192.481
190.481
188.417
186.297
184.127
181.914
179.669
177.403
81.406
82.462
83.548
84.641
85.708
86.724
87.681
88.587
89.45
90.29
91.118
91.935
92.738
93.53
94.313
95.091
95.863
96.628
97.38
98.11
98.813
99.486
100.127
100.732
101.294
101.81
102.276
102.693
103.059
103.375
103.643
103.861
104.031
104.154
104.235
104.276
104.279
104.245
104.176
104.074
103.941
103.779
103.59
103.375
103.136
102.874
102.591
102.288
101.967
101.63
5758.501
5904.914
6050.398
6194.828
6338.3
6480.851
6622.299
6762.363
6900.915
7037.848
7173.117
7306.536
7438.155
7568.459
7698.119
7827.581
7956.935
8085.909
8214.125
8341.038
8466.181
8589.415
8710.629
8829.406
8945.265
9057.833
9166.891
9272.39
9374.341
9472.843
9567.973
9659.645
9747.796
9832.554
9914.105
9992.566
10067.985
10140.274
10209.241
10274.623
10336.224
10393.968
10447.877
10498.035
10544.542
10587.468
10626.839
10662.631
10694.763
10723.106
4082.241
4142.398
4197.332
4252.783
4316.214
4392.81
4485.08
4591.257
4706.902
4825.301
4941.459
5054.034
5164.209
5272.504
5380.194
5488.152
5596.167
5703.489
5809.884
5915.069
6018.827
6121.037
6221.673
6320.725
6418.231
6514.215
6608.639
6701.469
6792.744
6882.528
6970.865
7057.729
7143.095
7227.004
7309.509
7390.627
7470.35
7548.593
7625.192
7699.933
7772.639
7843.199
7911.557
7977.687
8041.568
8103.157
8162.379
8219.123
8273.24
8324.545
674.135
693.488
713.589
734.299
755.404
776.75
798.31
820.156
842.354
865.004
888.186
911.91
936.17
961.016
986.504
1012.671
1039.524
1067.044
1095.204
1123.966
1153.286
1183.134
1213.468
1244.221
1275.312
1306.663
1338.225
1369.943
1401.721
1433.457
1465.06
1496.479
1527.678
1558.605
1589.215
1619.472
1649.341
1678.81
1707.896
1736.636
1765.059
1793.172
1820.97
1848.437
1875.56
1902.334
1928.767
1954.88
1980.707
2006.297
368.354
369.109
369.426
369.35
368.968
368.345
367.484
366.366
365.012
363.448
361.696
359.767
357.671
355.422
353.04
350.537
347.922
345.195
342.348
339.365
336.234
332.954
329.526
325.946
322.207
318.304
314.235
310
305.602
301.047
296.339
291.48
286.47
281.308
275.993
270.523
264.901
259.132
253.219
247.169
240.988
234.681
228.252
221.706
215.047
208.282
201.416
194.458
187.414
180.294
3943.732
3994.201
4043.838
4092.776
4141.203
4189.233
4236.908
4284.128
4330.688
4376.307
4420.769
4463.984
4505.967
4546.733
4586.334
4624.8
4662.11
4698.203
4733.027
4766.519
4798.628
4829.33
4858.617
4886.48
4912.913
4937.917
4961.485
4983.614
5004.314
5023.597
5041.476
5057.952
5073.036
5086.761
5099.173
5110.303
5120.165
5128.755
5136.067
5142.087
5146.805
5150.213
5152.307
5153.087
5152.547
5150.681
5147.474
5142.906
5136.951
5129.578
NA
NA
NA
NA
NA
NA
NA
NA
NA
NA
NA
NA
NA
NA
NA
NA
NA
NA
NA
NA
NA
NA
NA
NA
NA
NA
NA
NA
NA
NA
NA
NA
NA
NA
NA
NA
NA
NA
NA
NA
NA
NA
NA
NA
NA
NA
NA
NA
NA
NA
3252.729
3331.558
3408.198
3482.697
3555.27
3626.078
3695.058
3762.089
3827.234
3890.591
3952.251
4012.221
4070.538
4127.364
4182.899
4237.289
4290.573
4342.719
4393.702
4443.471
4491.962
4539.195
4585.119
4629.51
4672.075
4712.604
4751.012
4787.349
4821.708
4854.249
4885.098
4914.27
4941.754
4967.616
4991.934
5014.767
5036.14
5056.056
5074.52
5091.526
5107.064
5121.118
5133.669
5144.692
5154.153
5162.011
5168.215
5172.706
5175.413
5176.256
4776.91
4752.992
4728.494
4703.491
4678.078
4652.337
4626.3
4600
4573.526
4546.978
4520.426
4493.914
4467.431
4440.927
4414.317
4387.537
4360.567
4333.411
4306.056
4278.489
4250.696
4222.648
4194.316
4165.688
4136.751
4107.486
4077.905
4047.971
4017.562
3986.519
3954.738
3922.179
3888.901
3855.027
3820.732
3786.159
3751.33
3716.246
3680.999
3645.692
3610.392
3575.112
3539.821
3504.45
3468.916
3433.131
3397.007
3360.461
3323.413
3285.791
141.656
142.84
143.853
144.715
145.463
146.125
146.703
147.192
147.611
147.978
148.313
148.623
148.91
149.177
149.427
149.658
149.874
150.077
150.265
150.434
150.581
150.705
150.803
150.875
150.917
150.925
150.898
150.834
150.725
150.564
150.346
150.068
149.729
149.329
148.869
148.347
147.765
147.124
146.428
145.683
144.893
144.063
143.196
142.295
141.363
140.404
139.423
138.425
137.418
136.41
524457.626
532262.784
539657.533
546689.117
553440.055
559972.299
566292.723
572382.212
578247.758
583893.952
589325.407
594544.554
599556.962
604372.657
609003.174
613454.761
617730.146
621821.471
625710.212
629370.967
632782.941
635940.761
638841.892
641471.762
643814.267
645858.345
647598.891
649038.923
650186.406
651054.123
651653.763
651992.488
652075.624
651911.694
651509.864
650880.754
650028.695
648965.975
647720.369
646325.978
644808.088
643177.941
641434.629
639569.275
637569.986
635426.299
633130.674
630679.556
628073.393
625316.726
105801.408
107058.317
108256.177
109396.238
110482.01
111516.59
112499.463
113430.64
114314.717
115157.713
115964.347
116736.096
117473.08
118176.835
118848.638
119489.168
120099.041
120677.648
121222.646
121730.711
122198.994
122626.978
123014.008
123356.876
123651.754
123895.959
124088.023
124228.585
124319.738
124364.773
124366.255
124324.677
124239.745
124112.301
123943.177
123733.013
123482.576
123192.074
122860.823
122487.715
122072.078
121613.958
121114.026
120573.329
119993.031
119374.14
118717.412
118023.332
117292.042
116523.434
33744.268
34089.499
34425.669
34753.918
35074.641
35388.983
35696.48
36000.12
36308.329
36631.858
36977.654
37348.937
37741.516
38145.51
38546.794
38934.424
39305.209
39659.868
39996.062
40312.215
40607.2
40879.222
41127.627
41354.135
41561.6
41752.312
41926.683
42084.611
42227.333
42356.245
42472.476
42576.487
42668.539
42749.222
42819.083
42878.397
42927.383
42965.682
42992.17
43005.289
43003.75
42986.76
42953.946
42905.157
42840.243
42758.842
42660.306
42543.672
42407.628
42250.551
11785.819
12095.708
12407.052
12720.887
13038.669
13361.341
13688.851
14020.467
14355.543
14693.162
15032.354
15372.99
15714.331
16054.032
16389.157
16717.556
17038.008
17350.767
17656.993
17958.628
18257.029
18552.322
18843.762
19130.801
19412.628
19688.591
19958.467
20222.232
20479.649
20730.499
20974.579
21211.681
21441.618
21664.232
21879.385
22086.941
22286.71
22478.548
22662.414
22838.31
23006.188
23165.913
23317.279
23460.032
23593.904
23718.638
23833.995
23939.765
24035.76
24121.826
1898.079
1919.186
1939.158
1957.765
1974.886
1990.466
2004.264
2016.262
2026.94
2036.989
2046.918
2056.876
2066.742
2076.429
2085.757
2094.588
2102.934
2110.842
2118.244
2125.056
2131.215
2136.692
2141.494
2145.639
2149.164
2152.095
2154.433
2156.174
2157.334
2157.936
2157.997
2157.53
2156.536
2155.006
2152.927
2150.289
2147.094
2143.356
2139.092
2134.326
2129.076
2123.355
2117.167
2110.516
2103.403
2095.832
2087.81
2079.35
2070.465
2061.176
NA
NA
NA
NA
NA
NA
NA
NA
NA
NA
NA
NA
NA
NA
NA
NA
NA
NA
NA
NA
NA
NA
NA
NA
NA
NA
NA
NA
NA
NA
NA
NA
NA
NA
NA
NA
NA
NA
NA
NA
NA
NA
NA
NA
NA
NA
NA
NA
NA
NA
2981.212
3044.004
3104.847
3163.692
3220.474
3275.15
3327.718
3378.195
3426.58
3472.879
3517.108
3559.327
3599.589
3637.907
3674.289
3708.781
3741.371
3772.193
3801.622
3830.141
3858.095
3885.63
3912.661
3939.015
3964.409
3988.618
4011.604
4033.389
4053.869
4072.929
4090.478
4106.476
4120.907
4133.743
4144.969
4154.582
4162.583
4169.003
4173.922
4177.444
4179.666
4180.662
4180.488
4179.193
4176.831
4173.47
4169.198
4164.123
4158.375
4152.104
27905.809
27893.418
27868.902
27832.771
27785.944
27729.188
27662.782
27586.78
27501.505
27407.293
27304.562
27193.626
27075.067
26949.898
26819.337
26684.379
26545.524
26403.024
26257.277
26108.61
25957.271
25803.544
25647.543
25489.082
25327.821
25163.491
24996.025
24825.456
24651.705
24474.696
24294.334
24110.579
23923.304
23732.215
23536.95
23337.245
23133.056
22924.439
22711.361
22493.818
22271.873
22045.664
21815.403
21581.365
21343.875
21103.301
20860.043
20614.54
20367.258
20118.702
1271.492
1281.822
1291.711
1301.221
1310.458
1319.508
1328.383
1337.08
1345.654
1354.17
1362.678
1371.176
1379.67
1388.221
1396.904
1405.757
1414.802
1423.971
1433.094
1441.938
1450.324
1458.183
1465.518
1472.313
1478.573
1484.302
1489.476
1494.071
1498.092
1501.552
1504.466
1506.828
1508.642
1509.935
1510.746
1511.102
1511.015
1510.481
1509.488
1508.019
1506.061
1503.608
1500.663
1497.232
1493.32
1488.931
1484.061
1478.7
1472.835
1466.444
62177.819
62247.728
62293.408
62316.541
62320.115
62306.27
62275.241
62225.993
62157.926
62070.113
61961.922
61833.552
61685.427
61517.415
61329.366
61121.409
60893.815
60647.409
60383.596
60104.154
59810.652
59503.897
59184.582
58854.009
58513.578
58164.469
57807.599
57443.51
57072.481
56694.569
56309.93
55919.023
55522.435
55120.544
54713.716
54302.317
53886.661
53467.109
53044.083
52618.034
52189.344
51758.299
51325.1
50889.885
50452.765
50013.842
49573.218
49131.01
48687.332
48242.322
2624.893
2697.643
2768.202
2836.274
2901.344
2963.099
3021.549
3077.049
3130.038
3181.102
3230.715
3279.053
3326.169
3372.253
3417.477
3461.973
3505.856
3549.164
3591.84
3633.765
3674.839
3715.037
3754.353
3792.712
3830.028
3866.214
3901.209
3934.945
3967.322
3998.227
4027.561
4055.261
4081.267
4105.485
4127.817
4148.183
4166.559
4182.932
4197.254
4209.481
4219.601
4227.643
4233.675
4237.795
4240.119
4240.778
4239.909
4237.655
4234.167
4229.601
7531.089
7465.136
7419.444
7386.718
7355.596
7318.11
7271.644
7219.763
7167.96
7124.361
7094.508
7080.067
7078.124
7084.072
7091.209
7094.517
7092.469
7085.989
7075.443
7061.974
7046.391
7028.411
7007.365
6983.314
6956.391
6926.711
6894.279
6859.107
6821.346
6781.186
6738.78
6694.209
6647.504
6598.708
6547.848
6494.954
6440.063
6383.222
6324.478
6263.878
6201.457
6137.232
6071.206
6003.369
5933.703
5862.188
5788.801
5713.519
5636.315
5557.165
15117.868
15353.443
15563.482
15754.262
15934.656
16111.252
16286.417
16458.92
16627.376
16789.028
16941.945
17086.187
17223.008
17352.991
17476.953
17595.489
17708.808
17816.77
17919.189
18015.737
18106.168
18190.447
18268.655
18340.783
18406.841
18466.823
18520.767
18568.638
18610.273
18645.459
18674.072
18696.083
18711.631
18720.97
18724.45
18722.36
18714.816
18701.874
18683.68
18660.382
18632.106
18598.95
18560.987
18518.269
18470.835
18418.718
18361.942
18300.531
18234.498
18163.86
NA
NA
NA
NA
NA
NA
NA
NA
NA
NA
NA
NA
NA
NA
NA
NA
NA
NA
NA
NA
NA
NA
NA
NA
NA
NA
NA
NA
NA
NA
NA
NA
NA
NA
NA
NA
NA
NA
NA
NA
NA
NA
NA
NA
NA
NA
NA
NA
NA
NA
1357.296
1418.93
1470.023
1513.117
1553.134
1593.636
1634.681
1674.473
1712.699
1748.8
1782.433
1813.563
1842.565
1869.984
1896.553
1922.817
1948.988
1974.996
2000.749
2026.04
2050.713
2074.767
2098.26
2121.145
2143.364
2164.859
2185.596
2205.525
2224.553
2242.569
2259.48
2275.246
2289.843
2303.224
2315.344
2326.176
2335.705
2343.941
2350.909
2356.654
2361.22
2364.65
2366.984
2368.265
2368.543
2367.881
2366.353
2364.048
2361.067
2357.528
2412.616
2446.438
2478.163
2508.009
2536.543
2564.185
2590.814
2616.176
2640.435
2663.82
2686.494
2708.521
2729.85
2750.381
2769.962
2788.482
2805.921
2822.322
2837.709
2852.124
2865.604
2878.138
2889.725
2900.413
2910.266
2919.325
2927.61
2935.093
2941.702
2947.339
2951.927
2955.437
2957.877
2959.254
2959.588
2958.891
2957.165
2954.394
2950.546
2945.581
2939.475
2932.227
2923.855
2914.394
2903.884
2892.361
2879.86
2866.411
2852.035
2836.75
2635.735
2697.537
2759.695
2822.159
2884.885
2947.825
3010.914
3074.08
3137.246
3200.333
3263.265
3325.961
3388.349
3450.369
3511.963
3573.066
3633.622
3693.543
3752.684
3810.877
3867.987
3923.926
3978.662
4032.187
4084.522
4135.673
4185.596
4234.237
4281.572
4327.583
4372.244
4415.526
4457.383
4497.749
4536.549
4573.716
4609.211
4643.007
4675.065
4705.35
4733.833
4760.488
4785.294
4808.237
4829.304
4848.487
4865.781
4881.184
4894.697
4906.325
257526.391
260960.683
264242.971
267378.76
270382.25
273264.979
276025.786
278662.086
281183.526
283602.669
285929.95
288167.903
290318.51
292390.564
294394.019
296335.359
298218.258
300039.72
301790.633
303457.677
305030.127
306504.827
307881.289
309154.4
310318.916
311370.678
312306.849
313126.185
313828.296
314413.769
314883.267
315236.261
315472.761
315594.771
315605.084
315506.085
315298.952
314984.39
314563.684
314038.115
313408.974
312677.535
311845.088
310912.901
309882.273
308754.476
307530.745
306212.348
304800.454
303296.316
1089.834
1078.677
1067.374
1055.97
1044.624
1033.453
1022.391
1011.337
1000.336
989.46
978.756
968.23
957.846
947.555
937.29
926.997
916.658
906.271
895.825
885.308
874.713
864.031
853.254
842.384
831.424
820.377
809.243
798.022
786.725
775.363
763.948
752.485
740.976
729.422
717.82
706.172
694.48
682.748
670.986
659.204
647.409
635.605
623.795
611.976
600.148
588.309
576.46
564.602
552.738
540.87
333855.323
341758.42
349761.438
357841.843
365966.862
374111.441
382270.871
390448.702
398638.161
406833.333
415031.386
423223.685
431412.877
439621.274
447879.967
456209.85
464615.145
473083.937
481600.31
490140.986
498685.967
507226.415
515756.797
524263.348
532731.251
541146.746
549499.351
557779.127
565973.517
574069.702
582056.371
589924.231
597666.122
605275.727
612747.977
620078.052
627260.354
634289.755
641162.69
647876.369
654428.236
660815.709
667036.319
673087.804
678968.385
684676.838
690212.511
695575.525
700766.487
705786.885
1701.361
1729.285
1755.65
1780.454
1803.667
1825.289
1845.378
1864.043
1881.4
1897.591
1912.744
1926.908
1940.159
1952.688
1964.72
1976.419
1987.886
1999.101
2009.948
2020.239
2029.836
2038.7
2046.875
2054.404
2061.358
2067.778
2073.669
2078.982
2083.643
2087.553
2090.634
2092.858
2094.225
2094.724
2094.353
2093.11
2090.986
2087.974
2084.082
2079.324
2073.712
2067.256
2059.964
2051.842
2042.899
2033.149
2022.607
2011.296
1999.242
1986.475
831.883
834.327
834.432
832.604
829.456
825.481
820.792
815.383
809.489
803.36
797.187
791.111
785.169
779.31
773.414
767.394
761.266
755.076
748.799
742.404
735.868
729.184
722.359
715.401
708.322
701.135
693.844
686.454
678.982
671.448
663.87
656.258
648.617
640.958
633.291
625.624
617.962
610.308
602.671
595.056
587.467
579.904
572.361
564.831
557.305
549.772
542.22
534.638
527.012
519.331
2474519.471
2508740.772
2541618.104
2573288.134
2603983.909
2633885.457
2663015.721
2691339.248
2718913.265
2745797.862
2772041.055
2797661.806
2822671.566
2847095.141
2870954.756
2894257.088
2917007.149
2939176.091
2960689.424
2981447.275
3001366.291
3020415.807
3038577.738
3055795.376
3072008.115
3087169.615
3101250.992
3114245.629
3126159.183
3137010.423
3146816.469
3155577.512
3163295.429
3169992.663
3175698.4
3180438.658
3184224.956
3187068.711
3188994.569
3190030.214
3190198.03
3189511.907
3187978.603
3185599.785
3182375.209
3178304.753
3173389.108
3167631.062
3161034.249
3153604.927
1469.695
1546.379
1614.972
1676.583
1733.859
1788.863
1841.234
1890.222
1937.211
1984.019
2032.024
2081.802
2133.272
2186.329
2240.603
2295.818
2352.047
2409.464
2467.973
2527.432
2587.705
2648.717
2710.381
2772.527
2834.954
2897.482
2960.004
3022.416
3084.544
3146.2
3207.232
3267.542
3327.079
3385.798
3443.679
3500.708
3556.846
3612.078
3666.452
3720.045
3772.919
3825.103
3876.601
3927.406
3977.51
4026.919
4075.657
4123.768
4171.32
4218.398
2711.133
2759.035
2806.485
2853.494
2900.144
2946.471
2992.4
3037.791
3082.543
3126.542
3169.681
3211.876
3253.047
3293.088
3331.89
3369.351
3405.414
3440.012
3473.021
3504.307
3533.772
3561.404
3587.22
3611.201
3633.338
3653.662
3672.146
3688.896
3704.243
3718.617
3732.341
3745.539
3758.166
3770.152
3781.353
3791.655
3801.046
3809.543
3817.081
3823.586
3828.987
3833.225
3836.251
3838.022
3838.493
3837.61
3835.313
3831.531
3826.181
3819.174
NA
NA
NA
NA
NA
NA
NA
NA
NA
NA
NA
NA
NA
NA
NA
NA
NA
NA
NA
NA
NA
NA
NA
NA
NA
NA
NA
NA
NA
NA
NA
NA
NA
NA
NA
NA
NA
NA
NA
NA
NA
NA
NA
NA
NA
NA
NA
NA
NA
NA
1636.265
1626.71
1615.193
1602.387
1589.399
1577.038
1565.425
1554.261
1543.45
1532.793
1522.144
1511.504
1500.934
1490.405
1479.884
1469.343
1458.761
1448.123
1437.415
1426.622
1415.733
1404.734
1393.611
1382.35
1370.935
1359.355
1347.604
1335.677
1323.566
1311.26
1298.756
1286.056
1273.168
1260.102
1246.872
1233.494
1219.97
1206.316
1192.576
1178.806
1165.049
1151.321
1137.62
1123.93
1110.23
1096.502
1082.735
1068.924
1055.072
1041.19
214.382
217.247
220.065
222.842
225.591
228.32
231.03
233.717
236.38
239.019
241.634
244.226
246.797
249.349
251.885
254.41
256.922
259.422
261.913
264.399
266.881
269.36
271.832
274.291
276.728
279.137
281.514
283.856
286.155
288.402
290.589
292.712
294.769
296.759
298.684
300.544
302.34
304.07
305.73
307.314
308.819
310.246
311.601
312.891
314.124
315.31
316.457
317.574
318.666
319.742
7942.751
8168.92
8396.314
8625.197
8856.208
9089.807
9325.859
9564.051
9804.489
10047.327
10292.653
10540.337
10790.242
11042.41
11296.91
11553.684
11812.598
12073.265
12335.036
12597.091
12858.719
13119.569
13379.358
13637.523
13893.462
14146.686
14396.871
14643.846
14887.485
15127.747
15364.604
15597.852
15827.414
16053.558
16276.689
16497.063
16714.681
16929.328
17140.766
17348.667
17552.732
17752.735
17948.507
18139.901
18326.756
18508.857
18685.924
18857.607
19023.475
19183.032
5598.828
5724.538
5842.52
5954.699
6064.678
6175.186
6286.287
6397.08
6508.301
6620.768
6735.112
6851.642
6970.426
7091.511
7214.824
7340.243
7467.768
7597.263
7728.26
7860.146
7992.379
8124.699
8256.892
8388.509
8519.063
8648.142
8775.486
8900.915
9024.208
9145.176
9263.675
9379.564
9492.788
9603.413
9711.574
9817.388
9920.829
10021.896
10120.763
10217.656
10312.735
10406.05
10497.556
10587.148
10674.699
10760.095
10843.247
10924.101
11002.633
11078.857
11682.276
11917.689
12137.637
12344.724
12543.256
12736.443
12925.032
13108.122
13285.408
13456.173
13620.073
13777.067
13927.996
14074.419
14218.364
14361.265
14503.702
14645.253
14785.076
14921.831
15054.458
15182.629
15306.388
15425.45
15539.569
15648.468
15751.962
15849.688
15940.982
16025.057
16101.34
16169.566
16229.805
16282.248
16327.262
16365.169
16396.108
16420.159
16437.548
16448.529
16453.387
16452.435
16446.015
16434.499
16418.291
16397.822
16373.551
16345.971
16315.598
16282.984
149.325
153.752
158.236
162.785
167.409
172.115
176.9
181.752
186.661
191.615
196.6
201.61
206.638
211.668
216.683
221.669
226.618
231.525
236.383
241.186
245.929
250.606
255.216
259.76
264.247
268.681
273.06
277.382
281.643
285.843
289.978
294.047
298.046
301.971
305.816
309.576
313.246
316.822
320.302
323.682
326.959
330.128
333.185
336.123
338.937
341.622
344.172
346.58
348.843
350.956
5895.418
6065.749
6241.958
6424.653
6614.587
6812.294
7018.04
7231.702
7452.927
7681.151
7915.941
8157.166
8404.885
8659.072
8919.744
9186.875
9460.304
9739.856
10025.461
10317.064
10614.547
10917.662
11226.105
11539.61
11857.882
12180.57
12507.266
12837.484
13170.665
13506.187
13843.413
14181.859
14520.913
14859.635
15196.958
15531.964
15864.043
16192.771
16517.654
16838.262
17154.202
17465.11
17770.652
18070.534
18364.508
18652.383
18934.025
19209.361
19478.374
19741.112
192.831
193.722
194.56
195.351
196.094
196.792
197.449
198.071
198.661
199.222
199.755
200.261
200.74
201.189
201.604
201.981
202.319
202.616
202.862
203.049
203.168
203.216
203.192
203.093
202.916
202.66
202.325
201.91
201.418
200.851
200.211
199.5
198.722
197.884
196.994
196.058
195.081
194.067
193.023
191.955
190.871
189.774
188.666
187.55
186.426
185.295
184.158
183.016
181.871
180.724
NA
NA
NA
NA
NA
NA
NA
NA
NA
NA
NA
NA
NA
NA
NA
NA
NA
NA
NA
NA
NA
NA
NA
NA
NA
NA
NA
NA
NA
NA
NA
NA
NA
NA
NA
NA
NA
NA
NA
NA
NA
NA
NA
NA
NA
NA
NA
NA
NA
NA
184.278
185.145
185.966
186.715
187.354
187.86
188.221
188.451
188.586
188.677
188.765
188.86
188.954
189.046
189.127
189.189
189.234
189.263
189.269
189.245
189.183
189.079
188.931
188.732
188.476
188.157
187.772
187.319
186.796
186.201
185.531
184.787
183.969
183.079
182.119
181.094
180.004
178.853
177.645
176.385
175.078
173.729
172.341
170.916
169.456
167.966
166.448
164.907
163.348
161.777
1303.787
1342.635
1382.711
1423.634
1464.916
1506.19
1547.286
1588.212
1628.995
1669.74
1710.526
1751.303
1792.02
1832.765
1873.66
1914.787
1956.164
1997.74
2039.451
2081.198
2122.901
2164.523
2206.043
2247.414
2288.584
2329.504
2370.139
2410.451
2450.384
2489.879
2528.886
2567.368
2605.308
2642.704
2679.567
2715.902
2751.685
2786.891
2821.525
2855.592
2889.091
2922.001
2954.287
2985.903
3016.8
3046.928
3076.239
3104.688
3132.232
3158.834
589.962
594.836
599.38
603.578
607.413
610.88
613.97
616.703
619.141
621.363
623.435
625.375
627.183
628.875
630.464
631.958
633.367
634.688
635.894
636.944
637.808
638.473
638.938
639.197
639.243
639.072
638.68
638.058
637.189
636.05
634.629
632.923
630.941
628.694
626.197
623.468
620.509
617.333
613.977
610.488
606.902
603.234
599.485
595.644
591.697
587.631
583.44
579.123
574.685
570.138
3605.541
3680.834
3754.181
3825.609
3895.306
3963.43
4029.936
4094.768
4158.089
4220.126
4281.085
4341.022
4400.027
4458.383
4516.43
4574.422
4632.429
4690.426
4748.433
4806.433
4864.368
4922.222
4979.868
5036.984
5093.151
5148.02
5201.439
5253.315
5303.426
5351.542
5397.484
5441.132
5482.436
5521.38
5557.989
5592.294
5624.257
5653.883
5681.309
5706.722
5730.264
5751.997
5771.918
5789.982
5806.135
5820.345
5832.606
5842.951
5851.446
5858.195
48617.195
49283.721
49921.047
50528.515
51106.686
51656.163
52175.956
52665.708
53127.721
53565.289
53981.082
54375.577
54748.908
55102.939
55439.787
55760.858
56066.945
56357.5
56630.798
56884.275
57115.867
57325.387
57512.839
57676.561
57814.593
57925.681
58008.883
58064.841
58095.861
58105.256
58095.454
58067.215
58019.936
57952.996
57865.261
57755.886
57624.86
57472.497
57298.603
57102.974
56885.472
56646.051
56384.751
56101.672
55796.955
55470.749
55123.203
54754.473
54364.695
53954.023
258.791
262.751
266.901
271.151
275.365
279.441
283.354
287.131
290.788
294.355
297.856
301.286
304.632
307.894
311.076
314.178
317.21
320.171
323.03
325.748
328.303
330.67
332.873
334.991
337.131
339.367
341.73
344.186
346.656
349.031
351.227
353.22
355.03
356.671
358.171
359.553
360.816
361.95
362.957
363.84
364.602
365.245
365.77
366.18
366.476
366.659
366.732
366.696
366.553
366.306
54.175
54.277
54.557
54.952
55.355
55.69
55.944
56.145
56.3
56.427
56.539
56.634
56.706
56.754
56.78
56.784
56.779
56.766
56.726
56.629
56.461
56.204
55.882
55.581
55.414
55.46
55.753
56.258
56.902
57.573
58.189
58.726
59.203
59.631
60.035
60.434
60.825
61.197
61.548
61.879
62.188
62.476
62.741
62.985
63.206
63.406
63.583
63.738
63.87
63.978
45928.224
47059.068
48280.297
49568.906
50887.614
52208.831
53528.102
54854.066
56187.394
57531.497
58889.008
60257.895
61636.344
63027.809
64437.189
65867.81
67320.041
68792.005
70281.877
71786.929
73304.574
74833.325
76371.692
77916.848
79465.561
81014.754
82562.328
84106.028
85642.391
87167.629
88678.492
90172.664
91648.57
93104.681
94539.812
95952.831
97342.19
98706.597
100045.552
101358.882
102646.232
103906.882
105139.818
106343.868
107517.878
108660.849
109771.986
110850.752
111896.831
112910.182
NA
NA
NA
NA
NA
NA
NA
NA
NA
NA
NA
NA
NA
NA
NA
NA
NA
NA
NA
NA
NA
NA
NA
NA
NA
NA
NA
NA
NA
NA
NA
NA
NA
NA
NA
NA
NA
NA
NA
NA
NA
NA
NA
NA
NA
NA
NA
NA
NA
NA
1251.348
1263.942
1277.683
1292.238
1307.044
1321.676
1336.069
1350.338
1364.437
1378.345
1392.035
1405.45
1418.532
1431.256
1443.608
1455.567
1467.105
1478.183
1488.759
1498.787
1508.228
1517.059
1525.265
1532.825
1539.717
1545.93
1551.452
1556.283
1560.435
1563.928
1566.78
1568.992
1570.571
1571.545
1571.951
1571.816
1571.152
1569.955
1568.222
1565.942
1563.103
1559.702
1555.735
1551.203
1546.104
1540.431
1534.174
1527.317
1519.84
1511.716
NA
NA
NA
NA
NA
NA
NA
NA
NA
NA
NA
NA
NA
NA
NA
NA
NA
NA
NA
NA
NA
NA
NA
NA
NA
NA
NA
NA
NA
NA
NA
NA
NA
NA
NA
NA
NA
NA
NA
NA
NA
NA
NA
NA
NA
NA
NA
NA
NA
NA
579721.342
581180.155
582452.719
583553.346
584503.936
585322.446
586013.387
586578.054
587027.549
587374.23
587627.949
587795.114
587878.168
587877.422
587790.974
587617.608
587357.828
587013.699
586586.679
586078.388
585489.247
584819.453
584066.438
583224
582283.972
581239.836
580089.869
578833.635
577467.401
575987.274
574390.904
572677.409
570848.496
568907.801
566860.609
564711.842
562464.558
560121.451
557686.77
555165.162
552561.441
549880.443
547127.119
544306.547
541424.1
538485.431
535496.478
532463.606
529393.376
526292.868
14571.63
14796.542
15019.856
15240.834
15458.579
15672.371
15881.837
16086.832
16287.148
16482.656
16673.253
16858.66
17038.743
17213.725
17383.973
17549.702
17710.909
17867.324
18018.561
18164.109
18303.552
18436.653
18563.338
18683.539
18797.25
18904.408
19004.907
19098.517
19184.902
19263.659
19334.47
19397.192
19451.783
19498.165
19536.296
19566.159
19587.774
19601.17
19606.377
19603.437
19592.45
19573.58
19547.053
19513.146
19472.177
19424.493
19370.462
19310.479
19244.955
19174.329
8578.189
8742.551
8899.657
9050.766
9197.415
9340.856
9481.648
9620.054
9756.629
9891.861
10026.089
10159.614
10292.455
10424.246
10554.396
10682.398
10808.19
10931.692
11052.338
11169.433
11282.466
11391.214
11495.722
11596.087
11692.536
11785.269
11874.28
11959.603
12041.544
12120.497
12196.772
12270.498
12341.696
12410.421
12476.693
12540.524
12601.961
12661.029
12717.673
12771.808
12823.361
12872.284
12918.552
12962.147
13003.046
13041.211
13076.577
13109.056
13138.531
13164.865
23605.822
23899.792
24174.804
24430.368
24666.582
24883.769
25081.51
25260.145
25421.866
25569.668
25706.014
25831.794
25947.399
26054.181
26153.524
26246.515
26333.856
26415.83
26492.484
26563.6
26628.929
26688.614
26742.572
26789.966
26829.675
26860.81
26883.227
26896.917
26901.307
26895.764
26879.936
26853.575
26817.048
26771.41
26718.127
26658.351
26592.508
26520.614
26442.905
26359.515
26270.579
26176.264
26076.757
25972.24
25862.855
25748.675
25629.69
25505.808
25376.843
25242.528
925.998
942.827
956.393
967.387
976.884
985.704
994.045
1001.767
1008.953
1015.621
1021.806
1027.603
1033.136
1038.493
1043.756
1048.984
1054.232
1059.507
1064.743
1069.837
1074.71
1079.348
1083.764
1087.944
1091.872
1095.539
1098.936
1102.057
1104.896
1107.45
1109.719
1111.703
1113.411
1114.861
1116.079
1117.087
1117.894
1118.508
1118.955
1119.264
1119.456
1119.543
1119.528
1119.406
1119.171
1118.817
1118.339
1117.736
1117.006
1116.153
NA
NA
NA
NA
NA
NA
NA
NA
NA
NA
NA
NA
NA
NA
NA
NA
NA
NA
NA
NA
NA
NA
NA
NA
NA
NA
NA
NA
NA
NA
NA
NA
NA
NA
NA
NA
NA
NA
NA
NA
NA
NA
NA
NA
NA
NA
NA
NA
NA
NA
12013.092
12276.224
12537.8
12797.472
13055.128
13310.628
13563.673
13813.897
14061.079
14305.041
14545.705
14782.834
15016.523
15247.434
15476.496
15704.361
15931.146
16156.591
16380.493
16602.504
16822.284
17039.704
17254.563
17466.326
17674.34
17878.05
18077.13
18271.372
18460.478
18644.176
18822.215
18994.38
19160.463
19320.247
19473.525
19620.136
19759.894
19892.732
20018.765
20138.194
20251.146
20357.612
20457.469
20550.524
20636.574
20715.452
20787.042
20851.295
20908.224
20957.912
7878.951
7920.474
7959.74
7995.975
8028.218
8055.831
8078.493
8096.504
8110.638
8122.025
8131.545
8139.456
8145.695
8150.431
8153.768
8155.8
8156.649
8156.424
8155.164
8152.873
8149.536
8145.171
8139.74
8133.089
8125.006
8115.316
8103.951
8090.865
8075.926
8058.987
8039.936
8018.733
7995.363
7969.775
7941.925
7911.806
7879.447
7844.928
7808.369
7769.922
7729.75
7688.01
7644.86
7600.468
7555.019
7508.724
7461.823
7414.589
7367.323
7320.361
103.715
104.527
105.286
105.995
106.655
107.267
107.835
108.364
108.855
109.312
109.733
110.122
110.479
110.803
111.091
111.339
111.548
111.718
111.852
111.956
112.03
112.076
112.093
112.077
112.024
111.93
111.795
111.62
111.401
111.137
110.824
110.463
110.055
109.604
109.116
108.597
108.048
107.469
106.863
106.23
105.572
104.89
104.186
103.462
102.72
101.963
101.192
100.408
99.612
98.806
110.416
112.566
114.645
116.655
118.603
120.495
122.33
124.107
125.832
127.511
129.15
130.751
132.317
133.85
135.357
136.841
138.304
139.745
141.163
142.555
143.92
145.257
146.563
147.833
149.061
150.239
151.366
152.442
153.462
154.425
155.329
156.172
156.955
157.681
158.354
158.98
159.558
160.09
160.575
161.016
161.414
161.769
162.083
162.355
162.585
162.773
162.919
163.023
163.084
163.102
1864.658
1879.793
1894.065
1907.397
1919.676
1930.838
1940.875
1949.881
1958.029
1965.546
1972.614
1979.303
1985.621
1991.613
1997.307
2002.726
2007.895
2012.834
2017.54
2022.001
2026.198
2030.123
2033.755
2037.039
2039.908
2042.299
2044.187
2045.544
2046.304
2046.391
2045.746
2044.346
2042.186
2039.254
2035.547
2031.07
2025.828
2019.843
2013.158
2005.829
1997.911
1989.453
1980.5
1971.096
1961.287
1951.132
1940.697
1930.059
1919.308
1908.544
2524.05
2586.822
2648.278
2708.43
2767.405
2825.303
2882.08
2937.679
2992.197
3045.771
3098.523
3150.453
3201.592
3252.121
3302.264
3352.171
3401.9
3451.375
3500.432
3548.833
3596.381
3643.004
3688.678
3733.302
3776.773
3818.999
3859.915
3899.463
3937.574
3974.183
4009.237
4042.688
4074.514
4104.729
4133.365
4160.448
4185.96
4209.878
4232.214
4252.986
4272.198
4289.84
4305.884
4320.294
4333.028
4344.045
4353.305
4360.772
4366.413
4370.198
5416.52
5611.469
5813.662
6022.666
6237.871
6458.861
6685.586
6918.277
7157.153
7402.543
7654.762
7913.937
8180.242
8454.108
8736.052
9026.509
9325.668
9633.665
9950.796
10277.364
10613.583
10959.513
11315.116
11680.337
12055.064
12439.132
12832.35
13234.457
13645.094
14063.828
14490.204
14923.786
15364.099
15810.554
16262.506
16719.299
17180.366
17645.081
18112.633
18582.142
19052.787
19523.853
19994.715
20464.798
20933.541
21400.353
21864.597
22325.591
22782.593
23234.817
57729.798
59241.114
60735.687
62214.301
63680.135
65135.476
66578.737
68007.857
69424.343
70830.472
72227.69
73616.076
74994.356
76360.896
77713.451
79050.111
80370.07
81672.812
82957.008
84221.24
85464.31
86685.31
87883.677
89058.988
90211.01
91339.483
92443.676
93523.057
94577.779
95608.227
96614.473
97596.311
98552.875
99482.723
100384.031
101255.339
102095.768
102905.064
103683.105
104430.034
105145.806
105830.026
106482.014
107100.919
107685.884
108236.162
108751.159
109230.486
109673.918
110081.455
NA
NA
NA
NA
NA
NA
NA
NA
NA
NA
NA
NA
NA
NA
NA
NA
NA
NA
NA
NA
NA
NA
NA
NA
NA
NA
NA
NA
NA
NA
NA
NA
NA
NA
NA
NA
NA
NA
NA
NA
NA
NA
NA
NA
NA
NA
NA
NA
NA
NA
87148.927
88679.332
90213.054
91742.09
93255.618
94745.079
96207.482
97642.452
99047.258
100419.651
101758.015
103059.693
104324.035
105554.032
106754.355
107928.124
109076.017
110196.001
111285.18
112339.462
113355.746
114332.735
115270.748
116170.183
117032.04
117856.878
118644.25
119393.098
120102.59
120771.73
121399.589
121985.721
122529.561
123029.875
123485.237
123894.557
124257.722
124574.756
124844.937
125067.495
125242.216
125369.638
125450.99
125488.014
125482.783
125437.507
125354.464
125235.992
125084.425
124902.179
155238.956
156816.008
158358.629
159864.424
161332.535
162762.458
164151.829
165499.665
166808.928
168084.23
169329.203
170544.679
171730.407
172887.642
174017.626
175121.376
176198.556
177249.369
178275.723
179279.987
180263.187
181225.553
182164.498
183074.51
183948.256
184779.79
185567.413
186310.444
187005.225
187647.872
188235.813
188767.285
189243.125
189666.767
190043.358
190377.044
190669.427
190920.727
191132.099
191304.472
191438.981
191537.092
191600.574
191631.358
191631.432
191602.678
191546.825
191465.469
191359.974
191231.607
45801.377
45929.161
46044.716
46148.22
46240.67
46323.055
46394.974
46456.616
46510.429
46559.668
46606.825
46652.689
46697.108
46740.409
46782.644
46823.726
46863.815
46902.711
46939.397
46972.481
47000.756
47023.665
47040.802
47051.243
47053.992
47048.181
47033.362
47009.11
46974.642
46929.131
46872.013
46803.013
46722.276
46630.23
46527.563
46414.921
46292.624
46160.998
46020.75
45872.705
45717.64
45556.226
45389.051
45216.662
45039.628
44858.575
44674.209
44487.332
44298.827
44109.68
NA
NA
NA
NA
NA
NA
NA
NA
NA
NA
NA
NA
NA
NA
NA
NA
NA
NA
NA
NA
NA
NA
NA
NA
NA
NA
NA
NA
NA
NA
NA
NA
NA
NA
NA
NA
NA
NA
NA
NA
NA
NA
NA
NA
NA
NA
NA
NA
NA
NA
2214.496
2225.41
2235.882
2245.82
2255.12
2263.715
2271.561
2278.677
2285.142
2291.076
2296.577
2301.663
2306.336
2310.659
2314.702
2318.518
2322.128
2325.529
2328.706
2331.63
2334.272
2336.62
2338.656
2340.337
2341.611
2342.428
2342.767
2342.597
2341.854
2340.46
2338.355
2335.517
2331.946
2327.634
2322.586
2316.81
2310.316
2303.124
2295.277
2286.826
2277.827
2268.327
2258.37
2248.003
2237.275
2226.242
2214.972
2203.54
2192.034
2180.549
15584.732
15780.529
15968.964
16150.26
16325.039
16493.835
16656.603
16813.322
16964.646
17111.425
17254.359
17393.72
17529.648
17662.536
17792.784
17920.687
18046.395
18169.933
18291.279
18410.33
18526.946
18641.045
18752.45
18860.769
18965.509
19066.219
19162.711
19254.749
19341.762
19423.086
19498.217
19566.934
19629.223
19685.067
19734.543
19777.76
19814.72
19845.53
19870.554
19890.272
19905.097
19915.318
19921.119
19922.63
19919.985
19913.373
19903.057
19889.387
19872.796
19853.807
1514.923
1553.289
1592.593
1632.582
1672.691
1712.506
1752.071
1791.611
1831.077
1870.404
1909.535
1948.438
1987.083
2025.416
2063.377
2100.916
2138.003
2174.615
2210.716
2246.271
2281.256
2315.636
2349.406
2382.602
2415.282
2447.482
2479.191
2510.371
2540.998
2571.039
2600.456
2629.228
2657.312
2684.622
2711.05
2736.51
2760.958
2784.373
2806.714
2827.945
2848.039
2866.977
2884.751
2901.36
2916.81
2931.113
2944.287
2956.354
2967.341
2977.283
73103.733
74886.566
76638.269
78374.741
80122.354
81900.761
83710.236
85544.246
87407.641
89305.433
91239.751
93212.251
95218.074
97244.215
99273.068
101290.524
103290.88
105272.783
107231.692
109163.967
111066.407
112935.288
114767.8
116563.123
118321.437
120042.734
121725.455
123368.223
124971.554
126536.543
128063.792
129552.904
131002.756
132412.282
133780.154
135105.172
136386.319
137622.873
138814.173
139959.65
141058.535
142109.735
143111.889
144063.438
144962.742
145808.152
146598.028
147330.797
148004.894
148618.842
NA
NA
NA
NA
NA
NA
NA
NA
NA
NA
NA
NA
NA
NA
NA
NA
NA
NA
NA
NA
NA
NA
NA
NA
NA
NA
NA
NA
NA
NA
NA
NA
NA
NA
NA
NA
NA
NA
NA
NA
NA
NA
NA
NA
NA
NA
NA
NA
NA
NA
1489.433
1516.213
1542.227
1567.551
1592.342
1616.712
1640.663
1664.119
1687.025
1709.31
1730.926
1751.841
1772.091
1791.779
1811.051
1830.009
1848.68
1867.022
1884.975
1902.45
1919.372
1935.72
1951.488
1966.629
1981.093
1994.837
2007.834
2020.07
2031.528
2042.201
2052.081
2061.158
2069.426
2076.88
2083.521
2089.351
2094.366
2098.573
2101.997
2104.675
2106.634
2107.884
2108.424
2108.241
2107.324
2105.663
2103.252
2100.093
2096.193
2091.567
2755.888
2816.076
2874.765
2931.967
2987.817
3042.434
3095.785
3147.842
3198.757
3248.743
3297.991
3346.545
3394.485
3442.08
3489.652
3537.438
3585.519
3633.855
3682.39
3731.012
3779.604
3828.121
3876.484
3924.48
3971.844
4018.344
4063.869
4108.32
4151.489
4193.15
4233.125
4271.312
4307.674
4342.189
4374.869
4405.734
4434.747
4461.915
4487.358
4511.244
4533.703
4554.79
4574.501
4592.797
4609.631
4624.974
4638.824
4651.213
4662.205
4671.896
2755.981
2820.648
2885.09
2949.329
3013.438
3077.466
3141.381
3205.129
3268.712
3332.138
3395.407
3458.478
3521.313
3583.916
3646.297
3708.44
3770.295
3831.768
3892.73
3953.027
4012.511
4071.092
4128.672
4185.081
4240.13
4293.656
4345.539
4395.701
4444.085
4490.651
4535.353
4578.176
4619.044
4657.785
4694.19
4728.125
4759.508
4788.425
4815.121
4839.944
4863.158
4884.872
4905.07
4923.656
4940.524
4955.608
4968.902
4980.475
4990.469
4999.102
13055.012
13245.424
13426.259
13598.974
13765.972
13929.062
14088.594
14244.109
14395.682
14543.242
14686.797
14826.368
14962.243
15094.968
15225.229
15353.454
15479.807
15603.978
15725.297
15842.82
15955.778
16063.906
16167.123
16265.052
16357.315
16443.605
16523.69
16597.446
16664.818
16725.818
16780.463
16828.666
16870.383
16905.732
16934.889
16957.986
16975.095
16986.194
16991.207
16990.013
16982.549
16968.843
16949.005
16923.191
16891.582
16854.344
16811.62
16763.528
16710.15
16651.547
38121.107
38803.002
39460.513
40094.674
40708.044
41302.703
41878.456
42434.871
42973.71
43497.261
44007.389
44504.558
44989.035
45462.178
45925.481
46379.88
46825.85
47262.822
47689.266
48102.978
48502.113
48885.898
49253.958
49605.241
49938.666
50253.236
50548.263
50823.039
51076.545
51307.711
51515.701
51700.263
51861.277
51998.288
52110.874
52198.956
52262.297
52301.579
52318.808
52316.667
52297.227
52261.499
52209.598
52141.1
52055.459
51952.39
51831.996
51694.855
51542.025
51375.052
NA
NA
NA
NA
NA
NA
NA
NA
NA
NA
NA
NA
NA
NA
NA
NA
NA
NA
NA
NA
NA
NA
NA
NA
NA
NA
NA
NA
NA
NA
NA
NA
NA
NA
NA
NA
NA
NA
NA
NA
NA
NA
NA
NA
NA
NA
NA
NA
NA
NA
18786.832
18767.274
18741.965
18712.431
18680.565
18647.789
18614.723
18581.288
18547.291
18512.222
18475.64
18437.577
18398.046
18356.5
18312.232
18264.665
18213.514
18158.667
18099.927
18037.142
17970.165
17898.936
17823.307
17742.957
17657.506
17566.739
17470.493
17368.973
17262.789
17152.791
17039.619
16923.605
16804.694
16682.676
16557.168
16427.958
16295.069
16158.845
16019.781
15878.522
15735.579
15591.226
15445.535
15298.46
15149.927
14999.922
14848.519
14695.899
14542.351
14388.275
315.915
319.363
322.868
326.388
329.861
333.242
336.514
339.683
342.764
345.778
348.744
351.659
354.514
357.305
360.027
362.674
365.244
367.734
370.139
372.455
374.675
376.796
378.811
380.714
382.498
384.156
385.684
387.077
388.325
389.415
390.34
391.094
391.677
392.095
392.353
392.459
392.412
392.213
391.865
391.371
390.735
389.959
389.044
387.991
386.798
385.467
383.997
382.39
380.647
378.768
4818.903
4825.994
4831.691
4835.832
4838.346
4839.193
4838.223
4835.39
4830.917
4825.143
4818.335
4810.567
4801.825
4792.189
4781.73
4770.509
4758.594
4746.035
4732.848
4719.036
4704.607
4689.57
4673.96
4657.837
4641.276
4624.322
4606.988
4589.24
4571.022
4552.247
4532.842
4512.781
4492.039
4470.534
4448.173
4424.881
4400.621
4375.38
4349.144
4321.91
4293.677
4264.446
4234.219
4203.001
4170.806
4137.653
4103.572
4068.604
4032.796
3996.208
1832.732
1840.189
1846.055
1850.511
1853.857
1856.327
1857.965
1858.755
1858.805
1858.237
1857.147
1855.591
1853.591
1851.166
1848.318
1845.045
1841.367
1837.284
1832.736
1827.642
1821.938
1815.605
1808.649
1801.06
1792.835
1783.972
1774.466
1764.315
1753.528
1742.118
1730.1
1717.488
1704.292
1690.52
1676.176
1661.273
1645.819
1629.842
1613.404
1596.58
1579.43
1561.984
1544.249
1526.217
1507.874
1489.213
1470.234
1450.947
1431.373
1411.544
373.34
377.948
382.136
385.976
389.573
393.012
396.313
399.47
402.5
405.421
408.245
410.983
413.646
416.238
418.765
421.226
423.622
425.947
428.181
430.299
432.279
434.11
435.783
437.274
438.56
439.621
440.447
441.031
441.355
441.4
441.156
440.619
439.797
438.701
437.345
435.747
433.917
431.871
429.642
427.27
424.791
422.229
419.602
416.921
414.198
411.448
408.689
405.946
403.247
400.628
23581.371
23717.121
23837.951
23943.865
24035.103
24112.107
24174.797
24223.842
24261.408
24290.315
24312.741
24329.667
24341.112
24347.091
24347.238
24341.328
24329.597
24312.463
24290.029
24262.36
24229.486
24191.387
24148.011
24099.272
24045.047
23985.173
23919.596
23848.1
23770.14
23685.034
23592.252
23491.541
23382.879
23266.25
23141.735
23009.391
22869.328
22721.507
22565.682
22401.528
22228.927
22048.062
21859.388
21663.545
21461.275
21253.326
21040.43
20823.284
20602.538
20378.816
2047.376
2042.968
2039.062
2035.307
2031.185
2026.329
2020.61
2014.183
2007.32
2000.418
1993.757
1987.409
1981.249
1975.12
1968.784
1962.058
1954.896
1947.319
1939.288
1930.773
1921.748
1912.188
1902.076
1891.415
1880.22
1868.505
1856.267
1843.511
1830.27
1816.585
1802.491
1788.012
1773.155
1757.914
1742.277
1726.239
1709.807
1693.011
1675.903
1658.548
1640.999
1623.282
1605.404
1587.359
1569.138
1550.735
1532.154
1513.408
1494.518
1475.517
10994.089
10966.008
10934.107
10899.551
10864.451
10830.289
10797.131
10764.113
10730.716
10696.187
10659.956
10621.856
10581.97
10540.268
10496.786
10451.548
10404.506
10355.606
10304.872
10252.352
10198.095
10142.122
10084.459
10025.166
9964.313
9901.971
9838.146
9772.881
9706.325
9638.661
9570.011
9500.438
9429.891
9358.224
9285.228
9210.74
9134.721
9057.189
8978.111
8897.463
8815.229
8731.401
8645.98
8558.975
8470.402
8380.29
8288.674
8195.6
8101.123
8005.307
68198.855
67799.606
67368.63
66914.529
66447.264
65974.667
65501.282
65028.417
64556.365
64083.798
63609.762
63135.585
62662.629
62189.696
61714.879
61236.753
60754.81
60269.384
59780.821
59289.751
58796.484
58301.268
57803.483
57301.528
56793.279
56277.291
55753.059
55221.258
54683.091
54140.354
53594.494
53046.01
52494.978
51941.926
51387.346
50831.715
50275.494
49719.132
49163.039
48607.596
48053.165
47500.079
46948.65
46399.162
45851.879
45307.038
44764.847
44225.494
43689.129
43155.892
3655.099
3811.074
3910.215
3970.156
4020.724
4083.758
4162.039
4247.305
4337.705
4429.097
4518.474
4606.215
4694.064
4781.775
4869.037
4955.579
5041.298
5126.099
5209.724
5291.883
5372.362
5451.015
5527.841
5602.958
5676.573
5748.838
5819.756
5889.265
5957.373
6024.079
6089.379
6153.269
6215.733
6276.728
6336.197
6394.093
6450.375
6505.019
6557.995
6609.281
6658.843
6706.639
6752.614
6796.707
6838.854
6878.99
6917.049
6952.969
6986.686
7018.139
353.367
358.419
363.201
367.683
371.838
375.653
379.109
382.222
385.063
387.728
390.289
392.771
395.165
397.477
399.699
401.826
403.865
405.822
407.683
409.429
411.047
412.533
413.887
415.095
416.145
417.027
417.733
418.266
418.638
418.867
418.967
418.943
418.792
418.503
418.062
417.462
416.701
415.786
414.726
413.534
412.219
410.789
409.247
407.597
405.839
403.98
402.025
399.984
397.868
395.692
NA
NA
NA
NA
NA
NA
NA
NA
NA
NA
NA
NA
NA
NA
NA
NA
NA
NA
NA
NA
NA
NA
NA
NA
NA
NA
NA
NA
NA
NA
NA
NA
NA
NA
NA
NA
NA
NA
NA
NA
NA
NA
NA
NA
NA
NA
NA
NA
NA
NA
NA
NA
NA
NA
NA
NA
NA
NA
NA
NA
NA
NA
NA
NA
NA
NA
NA
NA
NA
NA
NA
NA
NA
NA
NA
NA
NA
NA
NA
NA
NA
NA
NA
NA
NA
NA
NA
NA
NA
NA
NA
NA
NA
NA
NA
NA
NA
NA
NA
NA
71.493
72.025
72.532
73.011
73.457
73.865
74.235
74.571
74.874
75.149
75.397
75.619
75.815
75.987
76.136
76.264
76.372
76.458
76.519
76.551
76.549
76.513
76.442
76.338
76.199
76.027
75.82
75.579
75.306
75.005
74.676
74.322
73.941
73.533
73.097
72.63
72.133
71.607
71.052
70.469
69.858
69.22
68.555
67.864
67.146
66.402
65.633
64.839
64.02
63.18
NA
NA
NA
NA
NA
NA
NA
NA
NA
NA
NA
NA
NA
NA
NA
NA
NA
NA
NA
NA
NA
NA
NA
NA
NA
NA
NA
NA
NA
NA
NA
NA
NA
NA
NA
NA
NA
NA
NA
NA
NA
NA
NA
NA
NA
NA
NA
NA
NA
NA
59.036
59.329
59.594
59.827
60.029
60.199
60.336
60.442
60.522
60.581
60.624
60.653
60.668
60.669
60.655
60.625
60.58
60.522
60.449
60.36
60.256
60.135
59.999
59.849
59.688
59.517
59.336
59.145
58.943
58.728
58.5
58.258
58.001
57.725
57.425
57.099
56.744
56.361
55.95
55.513
55.049
54.56
54.044
53.503
52.936
52.342
51.723
51.081
50.416
49.733
90.245
90.975
91.689
92.393
93.098
93.813
94.536
95.264
95.999
96.743
97.497
98.261
99.033
99.807
100.574
101.329
102.067
102.788
103.491
104.177
104.844
105.491
106.115
106.71
107.273
107.798
108.284
108.727
109.126
109.475
109.771
110.013
110.199
110.33
110.406
110.428
110.394
110.305
110.163
109.969
109.727
109.436
109.097
108.708
108.27
107.78
107.239
106.648
106.006
105.316
NA
NA
NA
NA
NA
NA
NA
NA
NA
NA
NA
NA
NA
NA
NA
NA
NA
NA
NA
NA
NA
NA
NA
NA
NA
NA
NA
NA
NA
NA
NA
NA
NA
NA
NA
NA
NA
NA
NA
NA
NA
NA
NA
NA
NA
NA
NA
NA
NA
NA
73.753
75.53
77.289
79.039
80.795
82.568
84.359
86.159
87.958
89.739
91.49
93.207
94.893
96.553
98.193
99.82
101.434
103.034
104.62
106.192
107.749
109.292
110.82
112.334
113.834
115.322
116.796
118.253
119.69
121.101
122.483
123.832
125.147
126.424
127.658
128.846
129.985
131.073
132.11
133.094
134.027
134.906
135.731
136.499
137.21
137.863
138.457
138.991
139.467
139.886
11965.092
12278.064
12608.865
12950.788
13294.05
13631.367
13960.574
14283.187
14600.026
14913.111
15223.907
15532.05
15836.607
16137.914
16436.449
16732.541
17026.222
17317.323
17605.713
17891.185
18173.53
18452.548
18728.067
18999.9
19267.855
19531.673
19791.142
20045.87
20295.179
20538.255
20774.418
21003.292
21224.662
21438.213
21643.671
21840.803
22029.391
22209.269
22380.348
22542.589
22695.97
22840.478
22976.109
23102.88
23220.839
23330.075
23430.719
23522.951
23606.993
23683.119
4666.626
4774.662
4883.828
4993.862
5104.427
5215.216
5326.097
5436.922
5547.347
5656.98
5765.512
5872.737
5978.6
6083.137
6186.468
6288.668
6389.73
6489.552
6588.011
6684.949
6780.268
6873.862
6965.788
7056.299
7145.752
7234.384
7322.261
7409.233
7495.05
7579.354
7661.863
7742.445
7821.088
7897.762
7972.469
8045.184
8115.852
8184.343
8250.46
8313.965
8374.672
8432.483
8487.371
8539.36
8588.488
8634.785
8678.257
8718.886
8756.623
8791.396
5249.381
5242.738
5235.464
5227.81
5219.768
5211.327
5202.836
5194.51
5185.977
5176.648
5166.086
5154.201
5141.11
5126.83
5111.425
5094.941
5077.379
5058.703
5038.882
5017.876
4995.677
4972.282
4947.752
4922.22
4895.862
4868.816
4841.124
4812.797
4783.907
4754.524
4724.694
4694.469
4663.833
4632.669
4600.809
4568.131
4534.603
4500.267
4465.168
4429.382
4392.969
4355.958
4318.353
4280.148
4241.334
4201.922
4161.939
4121.437
4080.487
4039.187
NA
NA
NA
NA
NA
NA
NA
NA
NA
NA
NA
NA
NA
NA
NA
NA
NA
NA
NA
NA
NA
NA
NA
NA
NA
NA
NA
NA
NA
NA
NA
NA
NA
NA
NA
NA
NA
NA
NA
NA
NA
NA
NA
NA
NA
NA
NA
NA
NA
NA
2166.571
2242.768
2334.282
2432.575
2525.908
2605.892
2669.225
2718.374
2757.824
2794.715
2834.325
2877.666
2923.142
2970.376
3018.355
3066.343
3114.494
3163.286
3212.607
3262.291
3312.175
3362.196
3412.263
3462.143
3511.561
3560.286
3608.196
3655.221
3701.249
3746.179
3789.929
3832.414
3873.593
3913.491
3952.171
3989.676
4025.986
4061.064
4094.914
4127.547
4158.962
4189.145
4218.07
4245.7
4271.997
4296.921
4320.433
4342.496
4363.076
4382.141
2022.479
2065.632
2103.333
2136.065
2164.802
2190.329
2212.663
2231.691
2247.969
2262.188
2274.9
2286.399
2296.787
2306.176
2314.605
2322.129
2328.815
2334.797
2340.242
2345.338
2350.19
2354.898
2359.359
2363.207
2365.936
2367.172
2366.776
2364.814
2361.367
2356.595
2350.617
2343.46
2335.071
2325.394
2314.35
2301.902
2288.072
2272.952
2256.666
2239.377
2221.232
2202.349
2182.823
2162.736
2142.179
2121.262
2100.121
2078.923
2057.861
2037.161
2620.898
2621.326
2621.672
2621.991
2622.301
2622.6
2622.942
2623.33
2623.632
2623.664
2623.278
2622.425
2621.101
2619.259
2616.857
2613.86
2610.227
2605.932
2600.975
2595.369
2589.12
2582.232
2574.686
2566.442
2557.446
2547.668
2537.091
2525.749
2513.719
2501.108
2488
2474.43
2460.394
2445.885
2430.881
2415.37
2399.362
2382.883
2365.957
2348.611
2330.87
2312.748
2294.254
2275.39
2256.16
2236.566
2216.616
2196.32
2175.691
2154.746
966.84
965.844
964.878
963.841
962.527
960.789
958.64
956.177
953.436
950.463
947.299
943.955
940.433
936.744
932.899
928.905
924.768
920.489
916.066
911.495
906.768
901.888
896.848
891.627
886.196
880.534
874.634
868.499
862.131
855.537
848.722
841.689
834.44
826.987
819.342
811.516
803.521
795.364
787.054
778.597
770.004
761.286
752.461
743.545
734.558
725.521
716.453
707.373
698.301
689.257
224.625
231.118
237.59
244.029
250.427
256.778
263.072
269.3
275.462
281.561
287.601
293.577
299.488
305.344
311.16
316.946
322.703
328.424
334.106
339.74
345.319
350.838
356.292
361.668
366.955
372.139
377.214
382.173
387.004
391.694
396.234
400.616
404.836
408.892
412.784
416.512
420.071
423.459
426.679
429.737
432.636
435.376
437.953
440.361
442.593
444.644
446.508
448.183
449.665
450.956
4324.717
4504.334
4694.051
4891.208
5092.945
5297.006
5502.106
5707.743
5913.584
6119.718
6326.382
6533.051
6739.899
6948.831
7162.462
7382.744
7610.356
7845.005
8086.474
8334.186
8587.687
8846.914
9111.994
9382.818
9659.259
9941.105
10228.077
10519.758
10815.587
11114.9
11417.049
11721.617
12028.102
12335.659
12643.325
12950.288
13256.033
13560.23
13862.49
14162.499
14459.979
14754.681
15046.388
15334.924
15620.166
15902.048
16180.566
16455.783
16727.822
16996.875
21572.12
21725.149
21831.365
21893.169
21914.798
21900.555
21851.118
21769.085
21663.315
21544.946
21422.66
21300.37
21178.59
21058.213
20938.828
20820.067
20703.484
20589.997
20477.527
20362.94
20243.929
20120.082
19992.073
19859.994
19724.21
19585.108
19442.698
19297.168
19149.356
19000.346
18851.053
18701.854
18553.001
18405.119
18258.867
18114.757
17973.093
17833.971
17697.389
17563.218
17431.319
17301.575
17173.885
17048.125
16924.118
16801.6
16680.202
16559.452
16438.764
16317.45
171999.42
174213.262
176325.8
178341.558
180270.772
182121.817
183894.358
185587.15
187207.301
188763.877
190264.245
191710.658
193104.215
194449.404
195750.919
197011.717
198233.814
199415.75
200552.25
201635.662
202659.785
203622.378
204522.913
205358.757
206127.369
206826.466
207454.657
208010.404
208491.224
208894.48
209218.427
209461.983
209625.743
209711.813
209723.388
209663.135
209532.059
209330.594
209060.168
208722.276
208318.346
207849.664
207317.417
206722.711
206066.652
205350.351
204574.934
203741.6
202851.529
201906.008
763629.887
775887.249
787729.127
799200.662
810380.947
821329.659
832050.27
842524.621
852766.538
862790.164
872605.299
882213.763
891613.165
900801.679
909775.053
918525.64
927049.724
935333.938
943347.563
951051.727
958414.371
965422.603
972069.375
978335.842
984203.043
989657.315
994689.275
999298.739
1003493.754
1007288.545
1010695.512
1013720.591
1016366.869
1018641.337
1020551.485
1022106.475
1023309.967
1024173.559
1024723.446
1024992.002
1025003.363
1024768.416
1024286.643
1023550.063
1022548.005
1021271.282
1019713.588
1017872.612
1015749.87
1013351.045
259723.049
263184.953
266506.306
269688.047
272735.066
275652.548
278439.438
281097.943
283641.27
286086.779
288448.293
290729.622
292931.641
295061.169
297125.062
299127.396
301070.921
302952.852
304764.068
306491.554
308124.502
309659.8
311095.807
312424.73
313637.889
314728.719
315693.156
316530.681
317242.901
317833.452
318305.246
318658.622
318893.045
319009.705
319010.035
318895.63
318667.589
318327.637
317878.69
317324.204
316667.143
315909.591
315052.913
314098.016
313045.727
311897.057
310653.292
309316.131
307887.566
306370.053
24674.173
24864.326
24997.992
25078.909
25113.5
25107.83
25062.899
24981.249
24872.736
24749.625
24621.493
24492.794
24364.242
24236.833
24110.086
23983.583
23859.068
23737.602
23616.916
23493.571
23365.037
23230.868
23091.81
22947.95
22799.675
22647.39
22491.108
22331.028
22168.04
22003.296
21837.772
21671.879
21505.901
21340.529
21176.493
21014.367
20854.49
20696.989
20541.899
20389.136
20238.588
20090.159
19943.754
19799.246
19656.449
19515.086
19374.772
19235.017
19095.214
18954.652
71267.484
71372.757
71421.834
71422.584
71389.484
71333.484
71255.319
71151.544
71024.437
70876.316
70709.186
70524.757
70324.205
70108.225
69877.157
69631.459
69371.986
69099.773
68815.581
68520.141
68214.119
67897.943
67572.088
67237.242
66894.126
66543.236
66184.79
65818.675
65444.551
65061.867
64670.082
64269.128
63858.721
63437.786
63004.983
62559.302
62100.446
61628.506
61143.372
60645.06
60133.715
59609.601
59073.109
58524.749
57965.166
57395.127
56815.522
56227.378
55631.83
55030.162
19986.531
20036.697
20071.609
20092.682
20102.668
20103.765
20095.945
20078.823
20053.94
20023.205
19988.065
19949.406
19907.25
19861.094
19809.985
19753.322
19691.202
19624.271
19553.12
19478.524
19401.131
19321.125
19238.65
19154.249
19068.533
18981.923
18894.61
18806.473
18717.181
18626.219
18533.128
18437.79
18340.072
18239.458
18135.328
18027.191
17914.831
17798.175
17677.055
17551.35
17420.996
17285.991
17146.392
17002.314
16853.924
16701.438
16545.115
16385.264
16222.232
16056.419
9647.719
9708.241
9763.61
9813.767
9858.735
9898.606
9933.341
9963.116
9988.525
10010.355
10029.234
10045.351
10058.759
10069.778
10078.73
10085.82
10091.213
10094.829
10096.3
10095.084
10090.75
10083.184
10072.388
10058.176
10040.362
10018.805
9993.406
9964.142
9931.058
9894.25
9853.803
9809.755
9762.119
9710.931
9656.23
9598.075
9536.529
9471.703
9403.777
9332.966
9259.458
9183.395
9104.878
9023.986
8940.795
8855.4
8767.915
8678.485
8587.279
8494.495
1621.844
1681.429
1741.527
1802.189
1863.556
1925.726
1988.662
2052.283
2116.611
2181.676
2247.497
2314.04
2381.276
2449.225
2517.918
2587.353
2657.499
2728.266
2799.512
2871.059
2942.747
3014.486
3086.199
3157.755
3229.014
3299.853
3370.18
3439.923
3509.003
3577.352
3644.908
3711.607
3777.399
3842.261
3906.182
3969.148
4031.123
4092.072
4151.984
4210.859
4268.685
4325.442
4381.099
4435.619
4488.963
4541.097
4591.988
4641.61
4689.94
4736.962
15810.648
16155.844
16500.357
16840.243
17170.532
17487.683
17790.083
18078.588
18355.271
18623.482
18885.849
19142.806
19394.059
19640.694
19883.879
20124.501
20363.114
20599.83
20834.472
21066.598
21295.821
21522.036
21745.213
21965.065
22181.243
22393.364
22601.177
22804.283
23001.938
23193.258
23377.506
23554.314
23723.449
23884.489
24037.026
24180.76
24315.456
24441.061
24557.705
24665.65
24765.124
24856.268
24939.156
25013.837
25080.392
25138.981
25189.852
25233.362
25269.968
25300.237
210.805
212.293
213.663
214.918
216.075
217.147
218.126
218.999
219.772
220.45
221.042
221.547
221.965
222.304
222.573
222.779
222.923
223.005
223.024
222.977
222.863
222.68
222.426
222.096
221.685
221.187
220.6
219.922
219.144
218.257
217.254
216.133
214.893
213.538
212.071
210.497
208.815
207.027
205.136
203.148
201.066
198.893
196.631
194.28
191.84
189.312
186.697
183.998
181.216
178.355
497.676
504.436
509.679
513.607
516.57
518.848
520.469
521.404
521.821
521.918
521.847
521.695
521.472
521.155
520.678
519.994
519.119
518.084
516.872
515.457
513.822
511.965
509.899
507.638
505.204
502.616
499.883
497.013
494.017
490.912
487.71
484.421
481.055
477.626
474.151
470.642
467.107
463.551
459.977
456.385
452.777
449.153
445.514
441.861
438.192
434.507
430.801
427.068
423.3
419.488
4381.961
4384.192
4387.197
4390.561
4393.483
4395.386
4396.288
4396.507
4396.105
4395.18
4393.811
4391.989
4389.702
4387.015
4384.006
4380.723
4377.167
4373.287
4369.015
4364.251
4358.903
4352.933
4346.287
4338.826
4330.388
4320.841
4310.145
4298.283
4285.183
4270.773
4255.02
4237.906
4219.485
4199.892
4179.309
4157.895
4135.719
4112.83
4089.34
4065.369
4041.021
4016.377
3991.495
3966.42
3941.189
3915.842
3890.418
3864.962
3839.523
3814.156
3547.64
3547.752
3546.958
3545.14
3541.957
3537.191
3530.947
3523.494
3514.949
3505.445
3495.099
3483.972
3472.121
3459.643
3446.639
3433.187
3419.328
3405.066
3390.38
3375.227
3359.562
3343.38
3326.66
3309.321
3291.26
3272.393
3252.694
3232.149
3210.702
3188.291
3164.879
3140.458
3115.054
3088.703
3061.46
3033.387
3004.524
2974.928
2944.693
2913.933
2882.754
2851.246
2819.488
2787.554
2755.519
2723.467
2691.496
2659.717
2628.253
2597.242
8338.705
8537.594
8734.8
8930.326
9124.36
9316.994
9508.033
9697.172
9884.265
10069.172
10251.74
10431.821
10609.237
10783.767
10955.168
11123.222
11287.782
11448.715
11605.827
11758.921
11907.833
12052.391
12192.519
12328.267
12459.756
12587.038
12710.064
12828.671
12942.65
13051.74
13155.72
13254.503
13348.029
13436.142
13518.679
13595.522
13666.602
13731.922
13791.531
13845.523
13893.984
13936.976
13974.543
14006.727
14033.58
14055.185
14071.653
14083.135
14089.814
14091.912
1011.92
1016.611
1020.74
1024.443
1027.934
1031.371
1034.779
1038.1
1041.297
1044.311
1047.094
1049.64
1051.956
1054.028
1055.837
1057.37
1058.621
1059.583
1060.239
1060.573
1060.573
1060.233
1059.559
1058.571
1057.299
1055.765
1053.974
1051.926
1049.637
1047.123
1044.398
1041.47
1038.336
1034.978
1031.366
1027.482
1023.321
1018.892
1014.199
1009.254
1004.066
998.64
992.981
987.091
980.976
974.641
968.096
961.355
954.432
947.348
3032.445
3057.22
3078.51
3097.849
3117.335
3138.552
3161.976
3187.413
3214.94
3244.43
3275.72
3308.927
3343.984
3380.264
3416.921
3453.264
3489.014
3524.081
3558.189
3591.094
3622.584
3652.498
3680.701
3707.055
3731.448
3753.815
3774.051
3792.19
3808.492
3823.325
3836.966
3849.503
3860.886
3871.078
3879.997
3887.58
3893.836
3898.799
3902.456
3904.795
3905.8
3905.461
3903.769
3900.714
3896.287
3890.477
3883.269
3874.647
3864.59
3853.075
29996.022
30236.336
30464.138
30678.32
30877.575
31061.235
31228.767
31381.16
31521.19
31652.646
31778.398
31899.311
32015.061
32125.816
32231.384
32331.502
32426.361
32515.837
32598.837
32673.882
32739.746
32796.026
32842.51
32878.392
32902.802
32915.099
32914.786
32901.817
32876.577
32839.742
32791.801
32732.944
32662.993
32581.657
32488.501
32383.297
32266.072
32137.227
31997.372
31847.314
31687.738
31519.093
31341.634
31155.508
30960.863
30757.942
30547.109
30328.879
30103.909
29873.015
371.528
375.587
387.823
405.399
423.958
440.284
453.629
464.877
474.368
482.904
491.082
498.779
505.679
511.999
518.03
523.982
529.952
535.89
541.673
547.103
552.041
556.471
560.457
564.035
567.264
570.196
572.842
575.215
577.369
579.372
581.277
583.106
584.867
586.582
588.265
589.927
591.574
593.2
594.782
596.283
597.673
598.927
600.028
600.959
601.702
602.232
602.517
602.517
602.181
601.451
2258.264
2318.05
2372.183
2422.467
2471.825
2522.398
2574.545
2627.515
2681.045
2734.595
2787.762
2840.541
2893.098
2945.371
2997.29
3048.785
3099.804
3150.274
3200.074
3249.066
3297.136
3344.208
3390.244
3435.215
3479.109
3521.909
3563.583
3604.087
3643.383
3681.43
3718.198
3753.654
3787.79
3820.623
3852.188
3882.505
3911.569
3939.353
3965.831
3990.969
4014.736
4037.11
4058.077
4077.625
4095.743
4112.415
4127.62
4141.332
4153.517
4164.136
NA
NA
NA
NA
NA
NA
NA
NA
NA
NA
NA
NA
NA
NA
NA
NA
NA
NA
NA
NA
NA
NA
NA
NA
NA
NA
NA
NA
NA
NA
NA
NA
NA
NA
NA
NA
NA
NA
NA
NA
NA
NA
NA
NA
NA
NA
NA
NA
NA
NA
51.213
51.56
51.984
52.451
52.917
53.348
53.734
54.08
54.392
54.68
54.952
55.207
55.442
55.657
55.858
56.046
56.222
56.386
56.537
56.676
56.802
56.915
57.013
57.097
57.162
57.208
57.233
57.238
57.218
57.173
57.101
57
56.87
56.711
56.522
56.304
56.056
55.779
55.472
55.136
54.773
54.382
53.964
53.518
53.044
52.542
52.013
51.456
50.873
50.265
639.642
640.885
641.817
642.5
643.013
643.415
643.733
643.958
644.075
644.051
643.859
643.498
642.973
642.281
641.413
640.365
639.134
637.715
636.09
634.24
632.15
629.814
627.238
624.433
621.417
618.203
614.797
611.202
607.425
603.473
599.355
595.076
590.644
586.066
581.353
576.511
571.547
566.464
561.27
555.97
550.568
545.068
539.47
533.776
527.984
522.094
516.103
510.011
503.813
497.509
4796.07
4842.104
4885.167
4925.732
4964.394
5001.621
5037.672
5072.608
5106.455
5139.15
5170.677
5201.035
5230.364
5258.931
5287.072
5314.992
5342.769
5370.223
5396.963
5422.443
5446.226
5468.17
5488.247
5506.259
5522.015
5535.371
5546.198
5554.466
5560.257
5563.723
5564.977
5564.049
5560.902
5555.516
5547.851
5537.897
5525.655
5511.189
5494.621
5476.11
5455.779
5433.69
5409.851
5384.239
5356.824
5327.586
5296.527
5263.675
5229.081
5192.824
34424.62
34888.61
35331.025
35752.12
36152.972
36534.478
36896.361
37238.361
37561.551
37867.386
38157.053
38431.394
38690.667
38934.797
39163.447
39376.652
39574.262
39757.309
39928.395
40090.889
40247.132
40398.023
40542.719
40679.577
40806.072
40920.167
41021.366
41109.638
41183.899
41242.978
41285.943
41312.163
41321.392
41313.596
41288.964
41247.632
41189.656
41114.902
41023.14
40914.08
40787.664
40644.157
40484.116
40308.308
40117.624
39912.987
39695.32
39465.542
39224.541
38973.208
2297.012
2331.78
2363.824
2394.027
2423.578
2453.354
2483.717
2514.521
2545.514
2576.221
2606.296
2635.683
2664.528
2692.909
2720.953
2748.722
2776.209
2803.282
2829.719
2855.227
2879.572
2902.657
2924.453
2944.88
2963.872
2981.377
2997.364
3011.809
3024.678
3035.947
3045.618
3053.674
3060.177
3065.302
3069.286
3072.312
3074.444
3075.681
3076.059
3075.596
3074.299
3072.172
3069.209
3065.397
3060.708
3055.101
3048.518
3040.884
3032.109
3022.086
NA
NA
NA
NA
NA
NA
NA
NA
NA
NA
NA
NA
NA
NA
NA
NA
NA
NA
NA
NA
NA
NA
NA
NA
NA
NA
NA
NA
NA
NA
NA
NA
NA
NA
NA
NA
NA
NA
NA
NA
NA
NA
NA
NA
NA
NA
NA
NA
NA
NA
NA
NA
NA
NA
NA
NA
NA
NA
NA
NA
NA
NA
NA
NA
NA
NA
NA
NA
NA
NA
NA
NA
NA
NA
NA
NA
NA
NA
NA
NA
NA
NA
NA
NA
NA
NA
NA
NA
NA
NA
NA
NA
NA
NA
NA
NA
NA
NA
NA
NA
11656.064
12018.491
12396.37
12791.808
13207.216
13644.236
14104.061
14586.249
15088.71
15608.312
16142.75
16691.227
17254.315
17832.692
18427.547
19039.644
19668.724
20314.017
20975.126
21651.533
22342.632
23047.767
23766.172
24496.907
25238.914
25991.069
26752.401
27521.742
28297.484
29077.823
29861.091
30646.265
31432.257
32217.281
32999.388
33777.018
34549.007
35314.888
36074.706
36828.915
37577.761
38321.062
39058.288
39788.733
40511.719
41226.779
41933.717
42632.654
43324.024
44008.586
23065.816
22869.328
22674.932
22483.199
22293.217
22104.381
21917.934
21735.259
21555.747
21378.237
21201.754
21026.266
20851.764
20677.251
20501.481
20323.498
20142.86
19959.541
19773.534
19585.001
19394.081
19200.682
19004.722
18806.38
18605.916
18403.554
18199.406
17993.536
17786.06
17577.09
17366.751
17155.091
16942.243
16728.503
16514.231
16299.684
16085.036
15870.239
15655.034
15439.026
15221.942
15003.716
14784.457
14564.381
14343.727
14122.68
13901.344
13679.731
13457.749
13235.216
1846.411
1879.061
1910.888
1941.715
1971.124
1998.82
2024.884
2049.533
2072.749
2094.498
2114.771
2133.547
2150.882
2166.936
2181.921
2195.983
2209.18
2221.456
2232.694
2242.72
2251.398
2258.689
2264.603
2269.109
2272.184
2273.805
2273.966
2272.647
2269.796
2265.354
2259.288
2251.593
2242.313
2231.53
2219.356
2205.891
2191.197
2175.313
2158.288
2140.165
2121
2100.863
2079.839
2058.024
2035.519
2012.425
1988.841
1964.865
1940.592
1916.115
28520.989
28626.409
28724.522
28815.403
28899.515
28977.407
29048.91
29114.387
29175.631
29235.004
29294.321
29354.161
29414.455
29475.521
29537.494
29600.368
29664.296
29729.083
29793.86
29857.431
29918.78
29977.439
30033.124
30085.192
30132.977
30175.879
30213.552
30245.63
30271.494
30290.486
30302.14
30306.197
30302.72
30291.994
30274.5
30250.671
30220.7
30184.736
30143.138
30096.318
30044.689
29988.645
29928.571
29864.853
29797.901
29728.155
29656.095
29582.246
29507.169
29431.476
17230.822
17581.377
17917.641
18242.171
18558.253
18868.732
19174.217
19475.601
19776.27
20080.229
20390.157
20707.628
21031.595
21358.721
21684.081
22003.881
22317.045
22623.971
22924.075
23217.08
23502.722
23780.453
24049.806
24310.781
24563.562
24808.313
25044.928
25273.354
25493.893
25706.969
25912.914
26111.816
26303.679
26488.64
26666.832
26838.343
27003.196
27161.358
27312.755
27457.272
27594.783
27725.152
27848.238
27963.881
28071.901
28172.082
28264.171
28347.882
28422.882
28488.812
51.851
52.176
52.535
52.91
53.272
53.602
53.893
54.151
54.383
54.6
54.811
55.016
55.212
55.399
55.575
55.739
55.892
56.033
56.158
56.264
56.346
56.404
56.437
56.446
56.431
56.392
56.329
56.243
56.135
56.008
55.864
55.704
55.529
55.341
55.144
54.938
54.725
54.507
54.284
54.058
53.829
53.599
53.367
53.134
52.898
52.66
52.419
52.173
51.923
51.668
139934.655
141387.025
142809.998
144200.847
145558.248
146881.286
148167.443
149415.599
150628.355
151809.906
152963.546
154089.951
155188.772
156261.077
157307.931
158330.246
159327.624
160300.333
161250.483
162180.741
163092.399
163985.86
164858.658
165705.458
166519.106
167293.864
168028.112
168721.412
169370.672
169972.705
170525.443
171027.292
171478.99
171883.842
172246.746
172571.591
172859.862
173111.617
173327.63
173508.367
173654.526
173767.211
173847.882
173898.184
173919.806
173914.285
173882.948
173826.921
173747.037
173643.961
1619.939
1630.377
1640.078
1649.073
1657.447
1665.271
1672.534
1679.222
1685.405
1691.175
1696.61
1701.729
1706.548
1711.126
1715.531
1719.809
1723.983
1728.038
1731.926
1735.575
1738.924
1741.955
1744.658
1746.987
1748.893
1750.333
1751.284
1751.732
1751.663
1751.065
1749.93
1748.247
1746.012
1743.236
1739.94
1736.138
1731.839
1727.043
1721.75
1715.955
1709.659
1702.872
1695.61
1687.895
1679.751
1671.202
1662.27
1652.976
1643.34
1633.381
12373.16
12560.593
12736.877
12904.009
13065.015
13222.131
13375.876
13525.65
13671.233
13812.086
13947.789
14078.514
14204.439
14325.111
14439.926
14548.49
14650.533
14746.274
14836.389
14921.841
15003.293
15080.974
15154.581
15223.586
15287.205
15344.851
15396.328
15441.741
15481.153
15514.724
15542.55
15564.622
15580.802
15590.908
15594.707
15592.038
15582.848
15567.197
15545.174
15516.923
15482.57
15442.199
15395.861
15343.592
15285.438
15221.478
15151.824
15076.632
14996.1
14910.47
100.851
103.289
105.694
108.072
110.433
112.783
115.123
117.447
119.753
122.032
124.283
126.502
128.691
130.856
133.006
135.144
137.273
139.389
141.489
143.572
145.632
147.668
149.678
151.658
153.603
155.508
157.37
159.188
160.954
162.664
164.313
165.898
167.417
168.871
170.258
171.58
172.834
174.021
175.14
176.193
177.181
178.104
178.962
179.754
180.48
181.139
181.731
182.257
182.717
183.112
12219.417
12441.422
12656.099
12863.872
13065.65
13262.137
13453.317
13638.98
13819.46
13995.172
14166.467
14333.41
14496.084
14654.858
14810.161
14962.258
15111.223
15256.853
15398.752
15536.357
15669.17
15797.03
15919.757
16036.792
16147.479
16251.306
16348.03
16437.599
16519.95
16595.102
16663.097
16723.897
16777.536
16824.24
16864.322
16898.059
16925.554
16946.908
16962.395
16972.329
16976.959
16976.435
16970.818
16960.11
16944.291
16923.347
16897.278
16866.112
16829.896
16788.706
38938.106
39414.959
39881.065
40335.619
40776.563
41202.681
41614.329
42013.344
42401.651
42781.682
43155.265
43522.682
43883.695
44238.838
44588.557
44932.8
45271.694
45604.108
45927.058
46236.609
46529.62
46805.003
47062.495
47300.813
47518.785
47715.617
47890.437
48043.273
48175.439
48288.938
48385.285
48464.933
48527.62
48573.294
48601.702
48612.727
48606.396
48583.057
48543.254
48487.674
48416.782
48330.693
48229.219
48111.966
47978.463
47828.263
47660.98
47476.318
47274.063
47054.102
NA
NA
NA
NA
NA
NA
NA
NA
NA
NA
NA
NA
NA
NA
NA
NA
NA
NA
NA
NA
NA
NA
NA
NA
NA
NA
NA
NA
NA
NA
NA
NA
NA
NA
NA
NA
NA
NA
NA
NA
NA
NA
NA
NA
NA
NA
NA
NA
NA
NA
113201.537
116125.463
119048.034
121968.997
124890.708
127814.801
130738.899
133660.534
136581.482
139504.644
142431.945
145363.104
148296.612
151231.567
154166.726
157100.743
160032.702
162961.318
165884.263
168798.778
171702.402
174593.137
177469.566
180330.395
183174.545
186000.662
188806.704
191590.383
194349.659
197082.426
199786.389
202459.456
205098.972
207701.278
210262.252
212778.234
215246.462
217664.817
220031.007
222342.959
224598.608
226795.802
228932.352
231006.069
233014.87
234956.807
236830.075
238633.086
240364.365
242022.693
98472.283
100437.548
102391.684
104332.595
106257.601
108164.832
110053.093
111922.914
113776.227
115615.936
117444.043
119261.29
121066.709
122858.501
124634.058
126391.562
128129.501
129848.446
131551.023
133241.037
134920.727
136589.999
138246.204
139885.694
141503.553
143095.465
144659.465
146193.906
147695.029
149158.68
150581.373
151960.677
153295.149
154583.556
155825.15
157019.149
158164.505
159260.023
160304.695
161297.586
162238.042
163125.752
163960.736
164743.272
165473.852
166153.095
166781.719
167360.567
167890.53
168372.65
89694.799
89901.268
90094.635
90269.002
90414.437
90524.277
90597.872
90639.928
90655.456
90651.458
90633.382
90602.86
90559.675
90505.117
90440.108
90365.254
90281.601
90189.312
90086.834
89971.81
89842.459
89698.117
89539.059
89365.479
89177.872
88976.457
88761.132
88531.209
88285.595
88022.893
87742.052
87442.908
87125.583
86789.684
86434.849
86061.023
85668.497
85258.007
84830.577
84387.528
83930.231
83460.02
82978.226
82486.24
81985.603
81478.068
80965.623
80450.522
79935.255
79422.596
148.62
152.324
155.972
159.566
163.111
166.611
170.065
173.474
176.838
180.16
183.444
186.688
189.891
193.056
196.184
199.276
202.333
205.351
208.322
211.233
214.075
216.843
219.539
222.168
224.738
227.254
229.718
232.126
234.473
236.752
238.958
241.09
243.148
245.135
247.052
248.901
250.682
252.395
254.042
255.629
257.158
258.629
260.042
261.394
262.681
263.903
265.056
266.139
267.15
268.09
3054240.813
3089920.927
3124070.823
3156841.48
3188487.845
3219207.903
3249029.108
3277917.302
3305940.813
3333172.092
3359669.004
3385456.92
3410549.733
3434972.563
3458745.73
3481874.696
3504364.976
3526189.791
3547276.103
3567525.664
3586855.538
3605235.261
3622644.176
3639019.376
3654292.087
3668409.451
3681340.861
3693079.264
3703626.584
3712997.697
3721207.373
3728254.921
3734143.925
3738900.464
3742559.009
3745150.5
3746689.514
3747190.162
3746681.339
3745195.376
3742759.471
3739392.351
3735105.722
3729906.332
3723799.309
3716790.184
3708885.586
3700094.668
3690427.625
3679897.795
9151.242
9464.414
9790.19
10128.226
10477.066
10835.828
11205.136
11586.445
11980.576
12388.447
12810.792
13247.936
13700.026
14167.341
14650.091
15148.353
15662.104
16191.12
16734.953
17292.991
17864.613
18449.363
19046.721
19655.869
20275.867
20905.822
21545.042
22192.841
22848.315
23510.503
24178.515
24851.518
25528.827
26209.864
26894.134
27581.065
28269.976
28960.046
29650.38
30340.016
31028.057
31713.712
32396.283
33075.129
33749.623
34419.112
35082.899
35740.245
36390.352
37032.385
5164.782
5239.183
5301.751
5356.525
5409.305
5464.48
5523.217
5584.854
5649.718
5717.672
5788.506
5862.704
5940.317
6020.061
6100.128
6179.126
6256.582
6332.585
6406.973
6479.737
6550.855
6620.143
6687.421
6752.711
6816.102
6877.678
6937.434
6995.38
7051.652
7106.426
7159.852
7211.962
7262.797
7312.525
7361.343
7409.385
7456.711
7503.268
7548.918
7593.455
7636.71
7678.583
7719.032
7758.044
7795.602
7831.656
7866.107
7898.809
7929.556
7958.096
6262.181
6314.707
6353.028
6379.524
6397.709
6410.361
6418.262
6421.348
6420.559
6416.768
6410.68
6402.984
6394.029
6383.69
6371.573
6357.412
6341.359
6323.703
6304.457
6283.611
6261.183
6237.232
6211.871
6185.244
6157.523
6128.859
6099.347
6069.062
6038.107
6006.582
5974.583
5942.18
5909.443
5876.455
5843.295
5810.029
5776.704
5743.344
5709.955
5676.527
5643.049
5609.514
5575.92
5542.26
5508.523
5474.686
5440.713
5406.556
5372.149
5337.417
